2026-07-23 17:31:21, 20.7623596191, 20.6663208007, 20.7623596191, 20.6663208007, 21.0625000000, 21.3125000000, 21.1250000000, 20.8750000000, 22.7246742248, -234.2297821044, Fault 0x, 22.1160907745
2026-07-23 17:31:23, 20.7623596191, 20.6663208007, 20.7623596191, 20.6663208007, 21.1250000000, 21.3125000000, 21.1875000000, 20.8750000000, 22.7583389282, -234.2004089355, Fault 0x, 22.1160907745
2026-07-23 17:31:25, 20.7623596191, 20.6663208007, 20.7623596191, 20.6663208007, 21.1250000000, 21.3125000000, 21.1875000000, 20.8750000000, 22.7246742248, -234.1709899902, Fault 0x, 22.1160907745
2026-07-23 17:31:27, 20.7623596191, 20.6663208007, 20.7623596191, 20.6663208007, 21.1250000000, 21.3125000000, 21.1875000000, 20.8750000000, 22.7246742248, -234.2004089355, Fault 0x, 22.1160907745
2026-07-23 17:31:29, 20.7623596191, 20.6663208007, 20.6663208007, 20.6663208007, 21.1875000000, 21.3750000000, 21.1875000000, 20.8750000000, 22.7583389282, -234.2004089355, Fault 0x, 22.1160907745
2026-07-23 17:31:30, 20.7623596191, 20.6663208007, 20.7623596191, 20.6663208007, 21.1250000000, 21.3125000000, 21.1875000000, 20.8750000000, 22.7583389282, -234.1709899902, Fault 0x, 22.1160907745
2026-07-23 17:31:32, 20.7623596191, 20.6663208007, 20.7623596191, 20.6663208007, 21.1250000000, 21.3125000000, 21.1875000000, 20.8750000000, 22.7583389282, -234.1709899902, Fault 0x, 22.1160907745
2026-07-23 17:31:34, 20.7623596191, 20.6663208007, 20.7623596191, 20.6663208007, 21.1250000000, 21.3125000000, 21.1875000000, 20.9375000000, 22.7583389282, -234.1709899902, Fault 0x, 22.1160907745
2026-07-23 17:31:36, 20.7623596191, 20.6663208007, 20.7623596191, 20.6663208007, 21.1250000000, 21.3125000000, 21.1875000000, 20.8750000000, 22.7583389282, -234.2004089355, Fault 0x, 22.1499557495
2026-07-23 17:31:37, 20.7623596191, 20.6663208007, 20.7623596191, 20.6663208007, 21.1875000000, 21.3125000000, 21.2500000000, 20.8750000000, 22.8260726928, -234.2004089355, Fault 0x, 22.1499557495
2026-07-23 17:31:39, 20.7623596191, 20.6663208007, 20.7623596191, 20.6663208007, 21.1875000000, 21.3125000000, 21.1875000000, 20.9375000000, 22.7922058105, -234.1709899902, Fault 0x, 22.1499557495
2026-07-23 17:31:41, 20.7623596191, 20.6663208007, 20.7623596191, 20.6663208007, 21.1250000000, 21.3125000000, 21.1875000000, 20.8750000000, 22.7922058105, -234.1709899902, Fault 0x, 22.1499557495
2026-07-23 17:31:43, 20.8584289550, 20.7623596191, 20.7623596191, 20.6663208007, 21.1875000000, 21.3125000000, 21.1875000000, 20.8750000000, 22.8260726928, -234.1709899902, Fault 0x, 22.1499557495
2026-07-23 17:31:45, 20.8584289550, 20.6663208007, 20.7623596191, 20.7623596191, 21.1875000000, 21.3125000000, 21.2500000000, 20.9375000000, 22.8260726928, -234.1709899902, Fault 0x, 22.1499557495
2026-07-23 17:31:46, 20.8584289550, 20.7623596191, 20.7623596191, 20.7623596191, 21.1875000000, 21.3125000000, 21.2500000000, 20.9375000000, 22.8260726928, -234.1709899902, Fault 0x, 22.1838226318
2026-07-23 17:31:48, 20.8584289550, 20.7623596191, 20.7623596191, 20.7623596191, 21.1250000000, 21.3750000000, 21.1875000000, 20.9375000000, 22.8599376678, -234.1709899902, Fault 0x, 22.2174873352
2026-07-23 17:31:50, 20.8584289550, 20.7623596191, 20.7623596191, 20.7623596191, 21.1875000000, 21.3125000000, 21.2500000000, 20.8750000000, 22.8260726928, -234.1709899902, Fault 0x, 22.2174873352
2026-07-23 17:31:52, 20.8584289550, 20.7623596191, 20.7623596191, 20.7623596191, 21.1875000000, 21.3750000000, 21.2500000000, 20.8750000000, 22.8599376678, -234.1709899902, Fault 0x, 22.1838226318
2026-07-23 17:31:53, 20.8584289550, 20.7623596191, 20.7623596191, 20.7623596191, 21.1875000000, 21.3750000000, 21.2500000000, 20.9375000000, 22.8260726928, -234.1709899902, Fault 0x, 22.2174873352
2026-07-23 17:31:55, 20.8584289550, 20.7623596191, 20.7623596191, 20.7623596191, 21.1875000000, 21.3750000000, 21.3125000000, 20.9375000000, 22.8599376678, -234.1709899902, Fault 0x, 22.2174873352
2026-07-23 17:31:57, 20.8584289550, 20.7623596191, 20.7623596191, 20.7623596191, 21.1875000000, 21.3125000000, 21.2500000000, 20.9375000000, 22.8599376678, -234.1709899902, Fault 0x, 22.2174873352
2026-07-23 17:31:59, 20.8584289550, 20.7623596191, 20.7623596191, 20.7623596191, 21.1875000000, 21.3750000000, 21.2500000000, 20.9375000000, 22.8599376678, -234.1709899902, Fault 0x, 22.2515544891
2026-07-23 17:32:01, 20.8584289550, 20.7623596191, 20.7623596191, 20.7623596191, 21.1875000000, 21.3750000000, 21.2500000000, 20.9375000000, 22.8599376678, -234.1709899902, Fault 0x, 22.2515544891
2026-07-23 17:32:02, 20.8584289550, 20.7623596191, 20.7623596191, 20.7623596191, 21.1875000000, 21.3750000000, 21.2500000000, 20.9375000000, 22.8599376678, -234.1709899902, Fault 0x, 22.2515544891
2026-07-23 17:32:04, 20.8584289550, 20.7623596191, 20.7623596191, 20.7623596191, 21.1875000000, 21.3750000000, 21.2500000000, 20.9375000000, 22.8599376678, -234.1709899902, Fault 0x, 22.2515544891
2026-07-23 17:32:06, 20.8584289550, 20.7623596191, 20.7623596191, 20.7623596191, 21.1875000000, 21.3750000000, 21.2500000000, 20.9375000000, 22.8599376678, -234.1709899902, Fault 0x, 22.2515544891
2026-07-23 17:32:08, 20.8584289550, 20.7623596191, 20.7623596191, 20.7623596191, 21.2500000000, 21.3750000000, 21.2500000000, 20.9375000000, 22.8599376678, -234.1709899902, Fault 0x, 22.2515544891
2026-07-23 17:32:09, 20.8584289550, 20.7623596191, 20.7623596191, 20.7623596191, 21.1875000000, 21.3750000000, 21.2500000000, 20.9375000000, 22.8599376678, -234.1709899902, Fault 0x, 22.2515544891
2026-07-23 17:32:11, 20.8584289550, 20.7623596191, 20.7623596191, 20.6663208007, 21.1875000000, 21.3750000000, 21.2500000000, 20.9375000000, 22.8260726928, -234.1709899902, Fault 0x, 22.2174873352
2026-07-23 17:32:13, 20.8584289550, 20.7623596191, 20.7623596191, 20.7623596191, 21.1875000000, 21.3125000000, 21.2500000000, 20.9375000000, 22.8260726928, -234.1709899902, Fault 0x, 22.2515544891
2026-07-23 17:32:15, 20.8584289550, 20.7623596191, 20.7623596191, 20.7623596191, 21.1875000000, 21.3750000000, 21.2500000000, 20.8750000000, 22.8599376678, -234.1709899902, Fault 0x, 22.2515544891
2026-07-23 17:32:17, 20.8584289550, 20.7623596191, 20.7623596191, 20.7623596191, 21.1875000000, 21.3750000000, 21.2500000000, 20.9375000000, 22.8599376678, -234.1709899902, Fault 0x, 22.2515544891
2026-07-23 17:32:18, 20.8584289550, 20.7623596191, 20.7623596191, 20.7623596191, 21.1875000000, 21.3750000000, 21.1875000000, 20.9375000000, 22.8260726928, -234.1415710449, Fault 0x, 22.2174873352
2026-07-23 17:32:20, 20.8584289550, 20.7623596191, 20.7623596191, 20.7623596191, 21.1875000000, 21.3750000000, 21.2500000000, 20.9375000000, 22.8599376678, -234.1709899902, Fault 0x, 22.2515544891
2026-07-23 17:32:22, 20.8584289550, 20.7623596191, 20.7623596191, 20.7623596191, 21.1875000000, 21.3750000000, 21.2500000000, 20.9375000000, 22.8599376678, -234.1709899902, Fault 0x, 22.2174873352
2026-07-23 17:32:24, 20.8584289550, 20.7623596191, 20.7623596191, 20.7623596191, 21.1875000000, 21.3750000000, 21.2500000000, 20.9375000000, 22.8599376678, -234.1415710449, Fault 0x, 22.2515544891
2026-07-23 17:32:25, 20.8584289550, 20.7623596191, 20.7623596191, 20.7623596191, 21.1875000000, 21.3750000000, 21.2500000000, 20.9375000000, 22.8599376678, -234.1415710449, Fault 0x, 22.2515544891
2026-07-23 17:32:27, 20.8584289550, 20.7623596191, 20.8584289550, 20.7623596191, 21.1875000000, 21.3750000000, 21.2500000000, 20.9375000000, 22.8599376678, -234.1415710449, Fault 0x, 22.2515544891
2026-07-23 17:32:29, 20.8584289550, 20.7623596191, 20.8584289550, 20.7623596191, 21.1875000000, 21.3750000000, 21.2500000000, 20.9375000000, 22.8599376678, -234.1415710449, Fault 0x, 22.2174873352
2026-07-23 17:32:31, 20.8584289550, 20.7623596191, 20.8584289550, 20.7623596191, 21.1875000000, 21.3750000000, 21.2500000000, 20.9375000000, 22.8599376678, -234.1415710449, Fault 0x, 22.2515544891
2026-07-23 17:32:33, 20.8584289550, 20.7623596191, 20.8584289550, 20.7623596191, 21.1875000000, 21.3750000000, 21.2500000000, 20.9375000000, 22.8599376678, -234.1709899902, Fault 0x, 22.2515544891
2026-07-23 17:32:34, 20.8584289550, 20.7623596191, 20.8584289550, 20.7623596191, 21.1875000000, 21.3750000000, 21.2500000000, 20.9375000000, 22.8599376678, -234.2004089355, Fault 0x, 22.2515544891
2026-07-23 17:32:36, 20.8584289550, 20.7623596191, 20.8584289550, 20.7623596191, 21.1250000000, 21.4375000000, 21.2500000000, 20.9375000000, 22.8599376678, -234.2004089355, Fault 0x, 22.2515544891
2026-07-23 17:32:38, 20.8584289550, 20.7623596191, 20.8584289550, 20.7623596191, 21.1875000000, 21.3750000000, 21.2500000000, 20.9375000000, 22.8599376678, -234.2004089355, Fault 0x, 22.2852191925
2026-07-23 17:32:40, 20.8584289550, 20.7623596191, 20.8584289550, 20.7623596191, 21.1875000000, 21.3750000000, 21.2500000000, 21.0000000000, 22.8936023712, -234.1709899902, Fault 0x, 22.2852191925
2026-07-23 17:32:41, 20.8584289550, 20.7623596191, 20.8584289550, 20.7623596191, 21.1875000000, 21.3750000000, 21.2500000000, 20.9375000000, 22.8936023712, -234.2004089355, Fault 0x, 22.2852191925
2026-07-23 17:32:43, 20.8584289550, 20.7623596191, 20.8584289550, 20.7623596191, 21.1875000000, 21.3750000000, 21.2500000000, 20.9375000000, 22.8936023712, -234.1709899902, Fault 0x, 22.2515544891
2026-07-23 17:32:45, 20.8584289550, 20.7623596191, 20.8584289550, 20.7623596191, 21.1875000000, 21.3750000000, 21.2500000000, 20.9375000000, 22.8936023712, -234.2004089355, Fault 0x, 22.3190860748
2026-07-23 17:32:47, 20.8584289550, 20.7623596191, 20.8584289550, 20.7623596191, 21.1875000000, 21.4375000000, 21.2500000000, 20.9375000000, 22.9274692535, -234.2297821044, Fault 0x, 22.2515544891
2026-07-23 17:32:49, 20.8584289550, 20.7623596191, 20.8584289550, 20.7623596191, 21.2500000000, 21.4375000000, 21.2500000000, 20.9375000000, 22.8936023712, -234.2004089355, Fault 0x, 22.2852191925
2026-07-23 17:32:50, 20.9545440673, 20.7623596191, 20.8584289550, 20.7623596191, 21.1875000000, 21.3750000000, 21.2500000000, 20.9375000000, 22.9274692535, -234.2004089355, Fault 0x, 22.3190860748
2026-07-23 17:32:52, 20.8584289550, 20.7623596191, 20.8584289550, 20.7623596191, 21.1875000000, 21.3750000000, 21.2500000000, 20.9375000000, 22.8936023712, -234.2004089355, Fault 0x, 22.2852191925
2026-07-23 17:32:54, 20.9545440673, 20.7623596191, 20.8584289550, 20.7623596191, 21.2500000000, 21.4375000000, 21.3125000000, 20.9375000000, 22.8936023712, -234.2004089355, Fault 0x, 22.2515544891
2026-07-23 17:32:56, 20.9545440673, 20.8584289550, 20.8584289550, 20.7623596191, 21.1875000000, 21.3750000000, 21.3125000000, 20.9375000000, 22.9274692535, -234.2004089355, Fault 0x, 22.2852191925
2026-07-23 17:32:57, 20.8584289550, 20.7623596191, 20.8584289550, 20.7623596191, 21.1875000000, 21.3750000000, 21.2500000000, 20.9375000000, 22.9274692535, -234.2297821044, Fault 0x, 22.2852191925
2026-07-23 17:32:59, 20.9545440673, 20.7623596191, 20.8584289550, 20.7623596191, 21.1875000000, 21.4375000000, 21.3125000000, 20.9375000000, 22.9274692535, -234.2004089355, Fault 0x, 22.3190860748
2026-07-23 17:33:01, 20.9545440673, 20.8584289550, 20.8584289550, 20.8584289550, 21.2500000000, 21.4375000000, 21.2500000000, 20.9375000000, 22.9274692535, -234.2004089355, Fault 0x, 22.3190860748
2026-07-23 17:33:03, 20.9545440673, 20.8584289550, 20.8584289550, 20.7623596191, 21.2500000000, 21.3750000000, 21.3125000000, 20.9375000000, 22.9274692535, -234.2004089355, Fault 0x, 22.2852191925
2026-07-23 17:33:05, 20.9545440673, 20.8584289550, 20.8584289550, 20.8584289550, 21.1875000000, 21.3750000000, 21.3125000000, 20.9375000000, 22.9274692535, -234.2004089355, Fault 0x, 22.2852191925
2026-07-23 17:33:06, 20.9545440673, 20.8584289550, 20.8584289550, 20.8584289550, 21.2500000000, 21.4375000000, 21.2500000000, 20.9375000000, 22.9274692535, -234.2297821044, Fault 0x, 22.3190860748
2026-07-23 17:33:08, 20.9545440673, 20.8584289550, 20.8584289550, 20.8584289550, 21.1875000000, 21.4375000000, 21.3125000000, 20.9375000000, 22.9274692535, -234.2004089355, Fault 0x, 22.3190860748
2026-07-23 17:33:10, 20.9545440673, 20.8584289550, 20.8584289550, 20.7623596191, 21.2500000000, 21.4375000000, 21.2500000000, 21.0000000000, 22.9274692535, -234.2004089355, Fault 0x, 22.3190860748
2026-07-23 17:33:12, 20.9545440673, 20.8584289550, 20.8584289550, 20.8584289550, 21.2500000000, 21.3750000000, 21.3125000000, 21.0000000000, 22.9613361358, -234.1709899902, Fault 0x, 22.3190860748
2026-07-23 17:33:13, 20.9545440673, 20.8584289550, 20.8584289550, 20.8584289550, 21.2500000000, 21.4375000000, 21.3125000000, 21.0000000000, 22.9274692535, -234.2004089355, Fault 0x, 22.3190860748
2026-07-23 17:33:15, 20.9545440673, 20.8584289550, 20.8584289550, 20.8584289550, 21.2500000000, 21.4375000000, 21.3125000000, 21.0000000000, 22.9613361358, -234.2297821044, Fault 0x, 22.3190860748
2026-07-23 17:33:17, 20.9545440673, 20.8584289550, 20.8584289550, 20.8584289550, 21.2500000000, 21.4375000000, 21.3125000000, 21.0000000000, 22.9274692535, -234.2004089355, Fault 0x, 22.3527507781
2026-07-23 17:33:19, 20.9545440673, 20.8584289550, 20.8584289550, 20.8584289550, 21.2500000000, 21.3750000000, 21.3125000000, 21.0000000000, 22.9613361358, -234.2004089355, Fault 0x, 22.3190860748
2026-07-23 17:33:21, 20.9545440673, 20.8584289550, 20.9545440673, 20.8584289550, 21.2500000000, 21.4375000000, 21.3125000000, 21.0000000000, 22.9613361358, -234.2004089355, Fault 0x, 22.3527507781
2026-07-23 17:33:22, 20.9545440673, 20.8584289550, 20.9545440673, 20.8584289550, 21.2500000000, 21.4375000000, 21.3750000000, 21.0000000000, 22.9950008392, -234.2004089355, Fault 0x, 22.3527507781
2026-07-23 17:33:24, 20.9545440673, 20.8584289550, 20.9545440673, 20.8584289550, 21.2500000000, 21.4375000000, 21.3125000000, 21.0625000000, 22.9613361358, -234.2004089355, Fault 0x, 22.3527507781
2026-07-23 17:33:26, 20.9545440673, 20.8584289550, 20.9545440673, 20.8584289550, 21.2500000000, 21.4375000000, 21.3125000000, 21.0000000000, 22.9950008392, -234.2004089355, Fault 0x, 22.3527507781
2026-07-23 17:33:28, 20.9545440673, 20.8584289550, 20.9545440673, 20.8584289550, 21.2500000000, 21.4375000000, 21.3125000000, 21.0000000000, 22.9950008392, -234.2004089355, Fault 0x, 22.3527507781
2026-07-23 17:33:29, 20.9545440673, 20.8584289550, 20.9545440673, 20.8584289550, 21.2500000000, 21.5000000000, 21.3125000000, 21.0000000000, 22.9950008392, -234.2004089355, Fault 0x, 22.3527507781
2026-07-23 17:33:31, 20.9545440673, 20.8584289550, 20.9545440673, 20.8584289550, 21.2500000000, 21.4375000000, 21.3125000000, 21.0000000000, 22.9950008392, -234.2004089355, Fault 0x, 22.3866176605
2026-07-23 17:33:33, 20.9545440673, 20.8584289550, 20.9545440673, 20.8584289550, 21.3125000000, 21.4375000000, 21.3750000000, 21.0625000000, 22.9950008392, -234.2004089355, Fault 0x, 22.3866176605
2026-07-23 17:33:35, 20.9545440673, 20.8584289550, 20.9545440673, 20.8584289550, 21.3125000000, 21.4375000000, 21.3125000000, 21.0625000000, 23.0288658142, -234.2004089355, Fault 0x, 22.3527507781
2026-07-23 17:33:36, 20.9545440673, 20.8584289550, 20.9545440673, 20.9545440673, 21.3125000000, 21.5000000000, 21.3125000000, 21.0625000000, 22.9950008392, -234.2004089355, Fault 0x, 22.3527507781
2026-07-23 17:33:38, 21.0506591796, 20.8584289550, 20.9545440673, 20.9545440673, 21.3125000000, 21.5000000000, 21.3125000000, 21.0625000000, 22.9950008392, -234.2004089355, Fault 0x, 22.3527507781
2026-07-23 17:33:40, 20.9545440673, 20.8584289550, 20.9545440673, 20.9545440673, 21.3125000000, 21.4375000000, 21.3125000000, 21.0625000000, 22.9950008392, -234.2004089355, Fault 0x, 22.3866176605
2026-07-23 17:33:42, 21.0506591796, 20.9545440673, 20.9545440673, 20.9545440673, 21.3125000000, 21.5000000000, 21.3750000000, 21.0000000000, 23.0288658142, -234.2004089355, Fault 0x, 22.3866176605
2026-07-23 17:33:44, 21.0506591796, 20.9545440673, 20.9545440673, 20.8584289550, 21.2500000000, 21.5000000000, 21.3750000000, 21.0000000000, 23.0288658142, -234.2004089355, Fault 0x, 22.3527507781
2026-07-23 17:33:45, 21.0506591796, 20.8584289550, 20.9545440673, 20.9545440673, 21.3125000000, 21.5000000000, 21.3125000000, 21.0625000000, 22.9950008392, -234.2004089355, Fault 0x, 22.3866176605
2026-07-23 17:33:47, 21.0506591796, 20.9545440673, 20.9545440673, 20.9545440673, 21.3125000000, 21.5000000000, 21.3750000000, 21.0000000000, 23.0288658142, -234.2297821044, Fault 0x, 22.3866176605
2026-07-23 17:33:49, 21.0506591796, 20.9545440673, 20.9545440673, 20.9545440673, 21.2500000000, 21.5000000000, 21.3750000000, 21.0625000000, 22.9950008392, -234.2004089355, Fault 0x, 22.3866176605
2026-07-23 17:33:51, 21.0506591796, 20.9545440673, 20.9545440673, 20.9545440673, 21.3125000000, 21.5000000000, 21.3750000000, 21.1250000000, 23.0288658142, -234.2004089355, Fault 0x, 22.3866176605
2026-07-23 17:33:52, 21.0506591796, 20.9545440673, 20.9545440673, 20.9545440673, 21.3125000000, 21.5625000000, 21.3750000000, 21.0625000000, 23.0625305175, -234.2004089355, Fault 0x, 22.3866176605
2026-07-23 17:33:54, 21.0506591796, 20.9545440673, 20.9545440673, 20.9545440673, 21.3125000000, 21.4375000000, 21.3750000000, 21.0625000000, 23.0288658142, -234.2004089355, Fault 0x, 22.3866176605
2026-07-23 17:33:56, 21.0506591796, 20.9545440673, 20.9545440673, 20.9545440673, 21.3125000000, 21.5000000000, 21.3750000000, 21.0625000000, 23.0288658142, -234.2297821044, Fault 0x, 22.3527507781
2026-07-23 17:33:58, 21.0506591796, 20.9545440673, 20.9545440673, 20.9545440673, 21.3125000000, 21.5000000000, 21.3750000000, 21.0625000000, 23.0288658142, -234.2004089355, Fault 0x, 22.3866176605
2026-07-23 17:34:00, 21.0506591796, 20.9545440673, 20.9545440673, 20.9545440673, 21.3125000000, 21.5000000000, 21.3750000000, 21.0625000000, 23.0625305175, -234.2004089355, Fault 0x, 22.3866176605
2026-07-23 17:34:01, 21.0506591796, 20.9545440673, 20.9545440673, 20.9545440673, 21.3750000000, 21.5000000000, 21.3750000000, 21.1250000000, 23.0288658142, -234.1709899902, Fault 0x, 22.3866176605
2026-07-23 17:34:03, 21.0506591796, 20.9545440673, 20.9545440673, 20.9545440673, 21.3125000000, 21.5000000000, 21.3125000000, 21.1250000000, 22.9950008392, -234.2004089355, Fault 0x, 22.3866176605
2026-07-23 17:34:05, 21.0506591796, 20.9545440673, 21.0506591796, 20.9545440673, 21.3125000000, 21.5000000000, 21.3750000000, 21.0625000000, 23.0288658142, -234.1709899902, Fault 0x, 22.4204826354
2026-07-23 17:34:07, 21.0506591796, 20.9545440673, 20.9545440673, 20.9545440673, 21.3125000000, 21.5000000000, 21.3750000000, 21.1250000000, 23.0625305175, -234.1709899902, Fault 0x, 22.3866176605
2026-07-23 17:34:08, 21.0506591796, 20.9545440673, 20.9545440673, 20.9545440673, 21.3125000000, 21.5000000000, 21.4375000000, 21.1250000000, 23.0625305175, -234.1709899902, Fault 0x, 22.3866176605
2026-07-23 17:34:10, 21.0506591796, 20.9545440673, 20.9545440673, 20.9545440673, 21.3125000000, 21.5000000000, 21.3750000000, 21.1250000000, 23.0288658142, -234.1709899902, Fault 0x, 22.4204826354
2026-07-23 17:34:12, 21.0506591796, 20.9545440673, 20.9545440673, 20.9545440673, 21.3750000000, 21.5000000000, 21.3750000000, 21.1250000000, 23.0625305175, -234.1709899902, Fault 0x, 22.3866176605
2026-07-23 17:34:14, 21.0506591796, 20.9545440673, 20.9545440673, 20.9545440673, 21.3125000000, 21.5000000000, 21.3750000000, 21.1250000000, 23.0288658142, -234.1709899902, Fault 0x, 22.4541473388
2026-07-23 17:34:16, 21.0506591796, 20.9545440673, 20.9545440673, 20.9545440673, 21.3750000000, 21.5000000000, 21.3750000000, 21.1250000000, 23.0288658142, -234.1709899902, Fault 0x, 22.4204826354
2026-07-23 17:34:17, 21.0506591796, 20.9545440673, 20.9545440673, 20.9545440673, 21.3125000000, 21.5000000000, 21.3750000000, 21.1250000000, 23.0625305175, -234.1709899902, Fault 0x, 22.4204826354
2026-07-23 17:34:19, 21.0506591796, 20.9545440673, 20.9545440673, 20.9545440673, 21.3125000000, 21.5000000000, 21.3750000000, 21.1250000000, 23.0625305175, -234.1709899902, Fault 0x, 22.4204826354
2026-07-23 17:34:21, 21.0506591796, 20.9545440673, 20.9545440673, 20.9545440673, 21.3125000000, 21.4375000000, 21.4375000000, 21.1250000000, 23.0625305175, -234.1709899902, Fault 0x, 22.4204826354
2026-07-23 17:34:23, 21.0506591796, 20.9545440673, 20.9545440673, 21.0506591796, 21.3125000000, 21.5625000000, 21.4375000000, 21.1250000000, 23.0625305175, -234.1709899902, Fault 0x, 22.4204826354
2026-07-23 17:34:24, 21.0506591796, 20.9545440673, 21.0506591796, 20.9545440673, 21.3125000000, 21.5625000000, 21.3750000000, 21.1250000000, 23.0288658142, -234.1709899902, Fault 0x, 22.3866176605
2026-07-23 17:34:26, 21.0506591796, 20.9545440673, 21.0506591796, 20.9545440673, 21.3750000000, 21.5000000000, 21.3750000000, 21.1250000000, 23.0625305175, -234.2004089355, Fault 0x, 22.4204826354
2026-07-23 17:34:28, 21.0506591796, 20.9545440673, 21.0506591796, 21.0506591796, 21.3125000000, 21.5000000000, 21.3750000000, 21.1250000000, 23.0963973999, -234.1709899902, Fault 0x, 22.4204826354
2026-07-23 17:34:30, 21.0506591796, 20.9545440673, 21.0506591796, 21.0506591796, 21.3750000000, 21.5000000000, 21.4375000000, 21.1250000000, 23.0625305175, -234.1709899902, Fault 0x, 22.4204826354
2026-07-23 17:34:32, 21.0506591796, 20.9545440673, 21.0506591796, 21.0506591796, 21.3750000000, 21.5000000000, 21.4375000000, 21.1250000000, 23.0963973999, -234.2004089355, Fault 0x, 22.4204826354
2026-07-23 17:34:33, 21.0506591796, 20.9545440673, 21.0506591796, 21.0506591796, 21.3125000000, 21.5625000000, 21.4375000000, 21.1250000000, 23.0963973999, -234.1709899902, Fault 0x, 22.4204826354
2026-07-23 17:34:35, 21.0506591796, 20.9545440673, 21.0506591796, 21.0506591796, 21.3125000000, 21.5000000000, 21.4375000000, 21.1250000000, 23.0625305175, -234.2004089355, Fault 0x, 22.4204826354
2026-07-23 17:34:37, 21.0506591796, 20.9545440673, 21.0506591796, 21.0506591796, 21.3750000000, 21.5625000000, 21.4375000000, 21.1250000000, 23.0963973999, -234.2004089355, Fault 0x, 22.4204826354
2026-07-23 17:34:39, 21.0506591796, 21.0506591796, 21.0506591796, 21.0506591796, 21.3750000000, 21.5000000000, 21.3750000000, 21.1250000000, 23.0625305175, -234.2004089355, Fault 0x, 22.4541473388
2026-07-23 17:34:40, 21.0506591796, 20.9545440673, 21.0506591796, 21.0506591796, 21.3750000000, 21.5625000000, 21.4375000000, 21.1250000000, 23.0963973999, -234.2004089355, Fault 0x, 22.4204826354
2026-07-23 17:34:42, 21.0506591796, 21.0506591796, 21.0506591796, 21.0506591796, 21.4375000000, 21.5625000000, 21.4375000000, 21.1250000000, 23.0963973999, -234.2004089355, Fault 0x, 22.4204826354
2026-07-23 17:34:44, 21.0506591796, 21.0506591796, 21.0506591796, 21.0506591796, 21.3750000000, 21.5625000000, 21.4375000000, 21.1250000000, 23.0963973999, -234.2297821044, Fault 0x, 22.4204826354
2026-07-23 17:34:46, 21.0506591796, 21.0506591796, 21.0506591796, 21.0506591796, 21.3750000000, 21.5625000000, 21.4375000000, 21.1250000000, 23.0963973999, -234.2004089355, Fault 0x, 22.4541473388
2026-07-23 17:34:48, 21.0506591796, 21.0506591796, 21.0506591796, 21.0506591796, 21.3750000000, 21.5625000000, 21.4375000000, 21.1875000000, 23.0625305175, -234.2004089355, Fault 0x, 22.4204826354
2026-07-23 17:34:49, 21.0506591796, 21.0506591796, 21.0506591796, 21.0506591796, 21.3750000000, 21.5625000000, 21.4375000000, 21.1875000000, 23.0963973999, -234.2297821044, Fault 0x, 22.4204826354
2026-07-23 17:34:51, 21.0506591796, 21.0506591796, 21.0506591796, 21.0506591796, 21.3750000000, 21.5625000000, 21.3750000000, 21.1250000000, 23.0963973999, -234.2004089355, Fault 0x, 22.4541473388
2026-07-23 17:34:53, 21.0506591796, 21.0506591796, 21.0506591796, 21.0506591796, 21.3750000000, 21.5625000000, 21.3750000000, 21.1250000000, 23.0963973999, -234.2297821044, Fault 0x, 22.4204826354
2026-07-23 17:34:55, 21.0506591796, 21.0506591796, 21.0506591796, 21.0506591796, 21.3125000000, 21.5625000000, 21.4375000000, 21.1250000000, 23.0963973999, -234.2004089355, Fault 0x, 22.4204826354
2026-07-23 17:34:56, 21.0506591796, 21.0506591796, 21.0506591796, 21.0506591796, 21.3750000000, 21.5625000000, 21.3750000000, 21.1250000000, 23.0963973999, -234.2004089355, Fault 0x, 22.4541473388
2026-07-23 17:34:58, 21.0506591796, 21.0506591796, 21.0506591796, 21.0506591796, 21.3750000000, 21.5000000000, 21.3750000000, 21.1250000000, 23.0963973999, -234.2592010498, Fault 0x, 22.4541473388
2026-07-23 17:35:00, 21.0506591796, 21.0506591796, 21.0506591796, 21.0506591796, 21.3750000000, 21.5625000000, 21.4375000000, 21.1250000000, 23.1302642822, -234.2297821044, Fault 0x, 22.4204826354
2026-07-23 17:35:02, 21.0506591796, 21.0506591796, 21.0506591796, 21.0506591796, 21.3750000000, 21.5625000000, 21.3750000000, 21.1250000000, 23.0963973999, -234.2297821044, Fault 0x, 22.4204826354
2026-07-23 17:35:04, 21.0506591796, 21.0506591796, 21.0506591796, 21.0506591796, 21.4375000000, 21.6250000000, 21.4375000000, 21.1250000000, 23.0963973999, -234.2297821044, Fault 0x, 22.4204826354
2026-07-23 17:35:05, 21.0506591796, 21.0506591796, 21.0506591796, 21.0506591796, 21.3750000000, 21.5625000000, 21.3750000000, 21.1250000000, 23.1302642822, -234.2297821044, Fault 0x, 22.4541473388
2026-07-23 17:35:07, 21.0506591796, 21.0506591796, 21.0506591796, 21.0506591796, 21.3750000000, 21.5625000000, 21.4375000000, 21.1250000000, 23.1302642822, -234.2297821044, Fault 0x, 22.4541473388
2026-07-23 17:35:09, 21.0506591796, 21.0506591796, 21.0506591796, 21.0506591796, 21.3750000000, 21.5625000000, 21.4375000000, 21.1250000000, 23.1302642822, -234.2297821044, Fault 0x, 22.4541473388
2026-07-23 17:35:11, 21.0506591796, 21.0506591796, 21.0506591796, 21.0506591796, 21.3750000000, 21.5625000000, 21.3750000000, 21.1875000000, 23.0963973999, -234.2297821044, Fault 0x, 22.4541473388
2026-07-23 17:35:12, 21.0506591796, 21.0506591796, 21.0506591796, 21.0506591796, 21.3750000000, 21.5625000000, 21.4375000000, 21.1250000000, 23.0963973999, -234.2004089355, Fault 0x, 22.4541473388
2026-07-23 17:35:14, 21.0506591796, 21.0506591796, 21.0506591796, 21.0506591796, 21.3750000000, 21.5625000000, 21.4375000000, 21.1250000000, 23.0963973999, -234.2297821044, Fault 0x, 22.4541473388
2026-07-23 17:35:16, 21.0506591796, 21.0506591796, 21.0506591796, 21.0506591796, 21.4375000000, 21.6250000000, 21.4375000000, 21.1250000000, 23.1302642822, -234.2004089355, Fault 0x, 22.4541473388
2026-07-23 17:35:18, 21.1467895507, 21.0506591796, 21.0506591796, 21.0506591796, 21.3750000000, 21.5625000000, 21.4375000000, 21.1250000000, 23.1302642822, -234.2004089355, Fault 0x, 22.4541473388
2026-07-23 17:35:20, 21.1467895507, 21.0506591796, 21.0506591796, 21.0506591796, 21.4375000000, 21.5625000000, 21.4375000000, 21.1875000000, 23.1302642822, -234.2004089355, Fault 0x, 22.4541473388
2026-07-23 17:35:21, 21.1467895507, 21.0506591796, 21.0506591796, 21.0506591796, 21.4375000000, 21.6250000000, 21.4375000000, 21.1250000000, 23.0963973999, -234.2004089355, Fault 0x, 22.4204826354
2026-07-23 17:35:23, 21.0506591796, 21.0506591796, 21.0506591796, 21.0506591796, 21.4375000000, 21.5625000000, 21.4375000000, 21.1250000000, 23.1302642822, -234.2004089355, Fault 0x, 22.4541473388
2026-07-23 17:35:25, 21.1467895507, 21.0506591796, 21.0506591796, 21.0506591796, 21.4375000000, 21.6250000000, 21.4375000000, 21.1250000000, 23.1302642822, -234.2004089355, Fault 0x, 22.4541473388
2026-07-23 17:35:27, 21.1467895507, 21.0506591796, 21.0506591796, 21.0506591796, 21.4375000000, 21.5625000000, 21.4375000000, 21.1875000000, 23.1302642822, -234.2004089355, Fault 0x, 22.4541473388
2026-07-23 17:35:28, 21.1467895507, 21.0506591796, 21.0506591796, 21.0506591796, 21.4375000000, 21.5625000000, 21.4375000000, 21.1875000000, 23.1302642822, -234.2004089355, Fault 0x, 22.4541473388
2026-07-23 17:35:30, 21.1467895507, 21.0506591796, 21.0506591796, 21.0506591796, 21.4375000000, 21.5625000000, 21.4375000000, 21.1875000000, 23.0963973999, -234.2297821044, Fault 0x, 22.4880142211
2026-07-23 17:35:32, 21.1467895507, 21.0506591796, 21.0506591796, 21.0506591796, 21.3750000000, 21.5625000000, 21.4375000000, 21.1875000000, 23.0963973999, -234.2297821044, Fault 0x, 22.4541473388
2026-07-23 17:35:34, 21.1467895507, 21.0506591796, 21.0506591796, 21.0506591796, 21.4375000000, 21.5625000000, 21.4375000000, 21.1875000000, 23.0963973999, -234.2004089355, Fault 0x, 22.4541473388
2026-07-23 17:35:36, 21.1467895507, 21.0506591796, 21.0506591796, 21.0506591796, 21.4375000000, 21.5625000000, 21.4375000000, 21.1875000000, 23.1302642822, -234.2297821044, Fault 0x, 22.4541473388
2026-07-23 17:35:37, 21.1467895507, 21.0506591796, 21.0506591796, 21.0506591796, 21.3750000000, 21.6250000000, 21.4375000000, 21.1875000000, 23.1302642822, -234.2004089355, Fault 0x, 22.4880142211
2026-07-23 17:35:39, 21.1467895507, 21.0506591796, 21.0506591796, 21.0506591796, 21.4375000000, 21.6250000000, 21.4375000000, 21.1875000000, 23.1302642822, -234.1709899902, Fault 0x, 22.4880142211
2026-07-23 17:35:41, 21.1467895507, 21.0506591796, 21.0506591796, 21.0506591796, 21.4375000000, 21.6250000000, 21.5000000000, 21.1250000000, 23.1302642822, -234.2004089355, Fault 0x, 22.4541473388
2026-07-23 17:35:43, 21.1467895507, 21.0506591796, 21.0506591796, 21.0506591796, 21.4375000000, 21.6250000000, 21.4375000000, 21.1875000000, 23.0963973999, -234.2886047363, Fault 0x, 22.4541473388
2026-07-23 17:35:44, 21.1467895507, 21.0506591796, 21.0506591796, 21.0506591796, 21.4375000000, 21.6875000000, 21.4375000000, 21.1875000000, 23.1302642822, -234.4355926513, Fault 0x, 22.4541473388
2026-07-23 17:35:46, 21.1467895507, 21.0506591796, 21.0506591796, 21.0506591796, 21.4375000000, 21.5625000000, 21.4375000000, 21.1875000000, 23.0963973999, -234.4355926513, Fault 0x, 22.4541473388
2026-07-23 17:35:48, 21.1467895507, 21.0506591796, 21.0506591796, 21.0506591796, 21.4375000000, 21.6250000000, 21.4375000000, 21.1875000000, 23.0963973999, -234.4943847656, Fault 0x, 22.4541473388
2026-07-23 17:35:50, 21.1467895507, 21.0506591796, 21.0506591796, 21.0506591796, 21.4375000000, 21.6250000000, 21.4375000000, 21.1875000000, 23.0963973999, -234.4943847656, Fault 0x, 22.4880142211
2026-07-23 17:35:51, 21.1467895507, 21.0506591796, 21.0506591796, 21.0506591796, 21.3750000000, 21.5625000000, 21.5000000000, 21.1875000000, 23.0963973999, -234.4649810791, Fault 0x, 22.4541473388
2026-07-23 17:35:53, 21.1467895507, 21.0506591796, 21.0506591796, 21.0506591796, 21.4375000000, 21.5625000000, 21.4375000000, 21.1250000000, 23.0963973999, -234.4943847656, Fault 0x, 22.4541473388
2026-07-23 17:35:55, 21.1467895507, 21.0506591796, 21.0506591796, 21.0506591796, 21.4375000000, 21.5625000000, 21.4375000000, 21.1875000000, 23.0963973999, -234.4943847656, Fault 0x, 22.4541473388
2026-07-23 17:35:57, 21.1467895507, 21.0506591796, 21.0506591796, 21.0506591796, 21.3750000000, 21.5625000000, 21.4375000000, 21.1875000000, 23.0963973999, -234.4943847656, Fault 0x, 22.4541473388
2026-07-23 17:35:59, 21.1467895507, 21.0506591796, 21.0506591796, 21.0506591796, 21.4375000000, 21.6250000000, 21.4375000000, 21.1875000000, 23.0963973999, -234.4649810791, Fault 0x, 22.4204826354
2026-07-23 17:36:00, 21.1467895507, 21.0506591796, 21.0506591796, 21.0506591796, 21.4375000000, 21.6250000000, 21.4375000000, 21.1875000000, 23.0625305175, -234.4943847656, Fault 0x, 22.4204826354
2026-07-23 17:36:02, 21.1467895507, 21.0506591796, 21.0506591796, 21.0506591796, 21.3750000000, 21.5625000000, 21.4375000000, 21.1875000000, 23.0963973999, -234.4943847656, Fault 0x, 22.4204826354
2026-07-23 17:36:04, 21.1467895507, 21.0506591796, 21.0506591796, 21.0506591796, 21.4375000000, 21.6250000000, 21.4375000000, 21.1875000000, 23.0963973999, -234.4943847656, Fault 0x, 22.4204826354
2026-07-23 17:36:06, 21.1467895507, 21.0506591796, 21.0506591796, 21.0506591796, 21.3750000000, 21.5625000000, 21.5000000000, 21.1875000000, 23.0963973999, -234.4943847656, Fault 0x, 22.3866176605
2026-07-23 17:36:07, 21.1467895507, 21.0506591796, 21.0506591796, 21.0506591796, 21.3750000000, 21.5625000000, 21.4375000000, 21.1875000000, 23.0625305175, -234.5237731933, Fault 0x, 22.3866176605
2026-07-23 17:36:09, 21.1467895507, 21.0506591796, 21.0506591796, 21.0506591796, 21.4375000000, 21.6250000000, 21.4375000000, 21.1875000000, 23.0625305175, -234.5237731933, Fault 0x, 22.4204826354
2026-07-23 17:36:11, 21.1467895507, 21.0506591796, 21.0506591796, 21.0506591796, 21.4375000000, 21.5625000000, 21.5000000000, 21.1875000000, 23.0625305175, -234.5237731933, Fault 0x, 22.4204826354
2026-07-23 17:36:13, 21.1467895507, 21.0506591796, 21.0506591796, 21.0506591796, 21.4375000000, 21.5625000000, 21.4375000000, 21.1875000000, 23.0625305175, -234.4943847656, Fault 0x, 22.3866176605
2026-07-23 17:36:15, 21.1467895507, 21.0506591796, 21.0506591796, 21.0506591796, 21.4375000000, 21.6250000000, 21.4375000000, 21.1875000000, 23.0625305175, -234.5237731933, Fault 0x, 22.3866176605
2026-07-23 17:36:16, 21.1467895507, 21.0506591796, 21.0506591796, 21.0506591796, 21.4375000000, 21.5625000000, 21.4375000000, 21.1875000000, 23.0625305175, -234.5531768798, Fault 0x, 22.3866176605
2026-07-23 17:36:18, 21.1467895507, 21.0506591796, 21.0506591796, 21.0506591796, 21.4375000000, 21.5625000000, 21.4375000000, 21.1875000000, 23.0625305175, -234.5531768798, Fault 0x, 22.3866176605
2026-07-23 17:36:20, 21.1467895507, 21.0506591796, 21.0506591796, 21.0506591796, 21.4375000000, 21.6250000000, 21.4375000000, 21.1875000000, 23.0625305175, -234.5531768798, Fault 0x, 22.3866176605
2026-07-23 17:36:22, 21.1467895507, 21.0506591796, 21.0506591796, 21.0506591796, 21.3750000000, 21.6250000000, 21.4375000000, 21.1875000000, 23.0963973999, -234.5825805664, Fault 0x, 22.3866176605
2026-07-23 17:36:23, 21.1467895507, 21.0506591796, 21.0506591796, 21.0506591796, 21.4375000000, 21.6250000000, 21.4375000000, 21.1875000000, 23.0963973999, -234.5531768798, Fault 0x, 22.3866176605
2026-07-23 17:36:25, 21.1467895507, 21.0506591796, 21.0506591796, 21.0506591796, 21.4375000000, 21.6250000000, 21.4375000000, 21.1875000000, 23.0963973999, -234.5825805664, Fault 0x, 22.3866176605
2026-07-23 17:36:27, 21.0506591796, 21.0506591796, 21.0506591796, 21.0506591796, 21.4375000000, 21.5625000000, 21.4375000000, 21.1875000000, 23.0963973999, -234.5825805664, Fault 0x, 22.4204826354
2026-07-23 17:36:29, 21.1467895507, 21.0506591796, 21.0506591796, 21.0506591796, 21.4375000000, 21.5625000000, 21.4375000000, 21.1875000000, 23.0963973999, -234.5825805664, Fault 0x, 22.3866176605
2026-07-23 17:36:31, 21.1467895507, 21.0506591796, 21.0506591796, 21.0506591796, 21.4375000000, 21.6250000000, 21.4375000000, 21.1875000000, 23.0963973999, -234.6119689941, Fault 0x, 22.4204826354
2026-07-23 17:36:32, 21.1467895507, 21.0506591796, 21.0506591796, 21.0506591796, 21.4375000000, 21.6250000000, 21.5000000000, 21.1875000000, 23.0963973999, -234.6119689941, Fault 0x, 22.4204826354
2026-07-23 17:36:34, 21.1467895507, 21.0506591796, 21.0506591796, 21.0506591796, 21.3750000000, 21.5625000000, 21.4375000000, 21.1875000000, 23.0963973999, -234.6119689941, Fault 0x, 22.4204826354
2026-07-23 17:36:36, 21.1467895507, 21.0506591796, 21.0506591796, 21.0506591796, 21.4375000000, 21.5625000000, 21.4375000000, 21.2500000000, 23.0963973999, -234.6119689941, Fault 0x, 22.4204826354
2026-07-23 17:36:38, 21.1467895507, 21.0506591796, 21.0506591796, 21.0506591796, 21.4375000000, 21.5625000000, 21.4375000000, 21.1875000000, 23.0963973999, -234.6413574218, Fault 0x, 22.4204826354
2026-07-23 17:36:39, 21.1467895507, 21.0506591796, 21.0506591796, 21.0506591796, 21.4375000000, 21.5625000000, 21.4375000000, 21.1875000000, 23.1302642822, -234.6119689941, Fault 0x, 22.4204826354
2026-07-23 17:36:41, 21.1467895507, 21.0506591796, 21.0506591796, 21.0506591796, 21.4375000000, 21.5625000000, 21.4375000000, 21.1875000000, 23.0963973999, -234.6413574218, Fault 0x, 22.4204826354
2026-07-23 17:36:43, 21.1467895507, 21.0506591796, 21.0506591796, 21.0506591796, 21.4375000000, 21.5625000000, 21.4375000000, 21.1875000000, 23.0963973999, -234.6413574218, Fault 0x, 22.4541473388
2026-07-23 17:36:45, 21.1467895507, 21.0506591796, 21.0506591796, 21.0506591796, 21.4375000000, 21.6250000000, 21.5000000000, 21.1875000000, 23.0963973999, -234.6413574218, Fault 0x, 22.4204826354
2026-07-23 17:36:47, 21.1467895507, 21.0506591796, 21.0506591796, 21.0506591796, 21.4375000000, 21.6250000000, 21.5000000000, 21.1875000000, 23.0963973999, -234.6413574218, Fault 0x, 22.4541473388
2026-07-23 17:36:48, 21.1467895507, 21.0506591796, 21.0506591796, 21.0506591796, 21.4375000000, 21.6250000000, 21.5000000000, 21.1875000000, 23.0963973999, -234.6119689941, Fault 0x, 22.4204826354
2026-07-23 17:36:50, 21.1467895507, 21.0506591796, 21.0506591796, 21.0506591796, 21.4375000000, 21.5625000000, 21.5000000000, 21.1875000000, 23.1302642822, -234.6413574218, Fault 0x, 22.4541473388
2026-07-23 17:36:52, 21.1467895507, 21.0506591796, 21.0506591796, 21.0506591796, 21.4375000000, 21.5625000000, 21.5000000000, 21.1875000000, 23.1302642822, -234.6119689941, Fault 0x, 22.4541473388
2026-07-23 17:36:54, 21.1467895507, 21.0506591796, 21.0506591796, 21.0506591796, 21.4375000000, 21.5625000000, 21.4375000000, 21.2500000000, 23.1302642822, -234.6413574218, Fault 0x, 22.4541473388
2026-07-23 17:36:55, 21.1467895507, 21.0506591796, 21.0506591796, 21.0506591796, 21.4375000000, 21.6250000000, 21.5000000000, 21.1875000000, 23.1302642822, -234.6119689941, Fault 0x, 22.4541473388
2026-07-23 17:36:57, 21.1467895507, 21.0506591796, 21.0506591796, 21.0506591796, 21.4375000000, 21.5625000000, 21.5000000000, 21.2500000000, 23.1302642822, -234.5825805664, Fault 0x, 22.4204826354
2026-07-23 17:36:59, 21.1467895507, 21.0506591796, 21.0506591796, 21.0506591796, 21.4375000000, 21.6250000000, 21.5000000000, 21.1875000000, 23.1302642822, -234.5825805664, Fault 0x, 22.4541473388
2026-07-23 17:37:01, 21.1467895507, 21.1467895507, 21.0506591796, 21.1467895507, 21.4375000000, 21.6250000000, 21.5000000000, 21.1875000000, 23.0963973999, -234.6119689941, Fault 0x, 22.4541473388
2026-07-23 17:37:03, 21.1467895507, 21.0506591796, 21.0506591796, 21.0506591796, 21.4375000000, 21.6250000000, 21.5000000000, 21.1875000000, 23.1302642822, -234.5825805664, Fault 0x, 22.4541473388
2026-07-23 17:37:04, 21.1467895507, 21.1467895507, 21.0506591796, 21.1467895507, 21.4375000000, 21.6250000000, 21.5000000000, 21.1875000000, 23.1302642822, -234.6119689941, Fault 0x, 22.4541473388
2026-07-23 17:37:06, 21.1467895507, 21.0506591796, 21.0506591796, 21.1467895507, 21.4375000000, 21.6250000000, 21.5000000000, 21.1875000000, 23.1302642822, -234.5825805664, Fault 0x, 22.4541473388
2026-07-23 17:37:08, 21.1467895507, 21.1467895507, 21.0506591796, 21.1467895507, 21.4375000000, 21.6250000000, 21.5000000000, 21.2500000000, 23.0963973999, -234.5825805664, Fault 0x, 22.4541473388
2026-07-23 17:37:10, 21.1467895507, 21.1467895507, 21.0506591796, 21.1467895507, 21.4375000000, 21.6250000000, 21.5000000000, 21.2500000000, 23.0963973999, -234.5531768798, Fault 0x, 22.4880142211
2026-07-23 17:37:11, 21.1467895507, 21.0506591796, 21.1467895507, 21.1467895507, 21.4375000000, 21.6250000000, 21.5000000000, 21.2500000000, 23.0963973999, -234.5531768798, Fault 0x, 22.4541473388
2026-07-23 17:37:13, 21.1467895507, 21.1467895507, 21.1467895507, 21.1467895507, 21.4375000000, 21.6250000000, 21.5000000000, 21.2500000000, 23.1302642822, -234.5531768798, Fault 0x, 22.4541473388
2026-07-23 17:37:15, 21.1467895507, 21.1467895507, 21.0506591796, 21.1467895507, 21.5000000000, 21.6250000000, 21.5000000000, 21.2500000000, 23.0963973999, -234.5531768798, Fault 0x, 22.4880142211
2026-07-23 17:37:17, 21.1467895507, 21.1467895507, 21.0506591796, 21.0506591796, 21.5000000000, 21.5625000000, 21.5000000000, 21.2500000000, 23.1302642822, -232.2872772216, Fault 0x, 22.4541473388
2026-07-23 17:37:19, 21.1467895507, 21.1467895507, 21.1467895507, 21.1467895507, 21.4375000000, 21.6875000000, 21.5000000000, 21.2500000000, 23.1302642822, -232.2578277587, Fault 0x, 22.4880142211
2026-07-23 17:37:20, 21.1467895507, 21.1467895507, 21.1467895507, 21.1467895507, 21.4375000000, 21.6250000000, 21.5000000000, 21.2500000000, 23.1302642822, -232.2283630371, Fault 0x, 22.4541473388
2026-07-23 17:37:22, 21.1467895507, 21.1467895507, 21.1467895507, 21.1467895507, 21.5000000000, 21.6250000000, 21.5000000000, 21.2500000000, 23.1302642822, -232.3756561279, Fault 0x, 22.4880142211
2026-07-23 17:37:24, 21.1467895507, 21.1467895507, 21.1467895507, 21.1467895507, 21.5000000000, 21.6250000000, 21.5000000000, 21.2500000000, 23.1302642822, -232.3756561279, Fault 0x, 22.4880142211
2026-07-23 17:37:26, 21.1467895507, 21.1467895507, 21.1467895507, 21.1467895507, 21.4375000000, 21.6250000000, 21.5000000000, 21.2500000000, 23.1302642822, -232.4345703125, Fault 0x, 22.4541473388
2026-07-23 17:37:27, 21.1467895507, 21.1467895507, 21.1467895507, 21.1467895507, 21.5000000000, 21.6250000000, 21.5000000000, 21.2500000000, 23.1302642822, -232.4345703125, Fault 0x, 22.4880142211
2026-07-23 17:37:29, 21.2429199218, 21.1467895507, 21.1467895507, 21.1467895507, 21.5000000000, 21.6250000000, 21.5000000000, 21.2500000000, 23.1302642822, -232.4051208496, Fault 0x, 22.4880142211
2026-07-23 17:37:31, 21.1467895507, 21.1467895507, 21.1467895507, 21.1467895507, 21.5000000000, 21.6250000000, 21.5000000000, 21.2500000000, 23.1302642822, -232.4345703125, Fault 0x, 22.4880142211
2026-07-23 17:37:33, 21.1467895507, 21.1467895507, 21.1467895507, 21.1467895507, 21.4375000000, 21.6250000000, 21.5000000000, 21.2500000000, 23.1302642822, -232.4051208496, Fault 0x, 22.4880142211
2026-07-23 17:37:35, 21.1467895507, 21.1467895507, 21.1467895507, 21.1467895507, 21.5000000000, 21.6250000000, 21.5625000000, 21.2500000000, 23.1302642822, -232.3756561279, Fault 0x, 22.4880142211
2026-07-23 17:37:36, 21.2429199218, 21.1467895507, 21.1467895507, 21.1467895507, 21.5000000000, 21.6250000000, 21.5625000000, 21.2500000000, 23.1302642822, -232.3462066650, Fault 0x, 22.4880142211
2026-07-23 17:37:38, 21.2429199218, 21.1467895507, 21.1467895507, 21.1467895507, 21.5000000000, 21.6875000000, 21.5625000000, 21.2500000000, 23.1302642822, -232.3462066650, Fault 0x, 22.4880142211
2026-07-23 17:37:40, 21.1467895507, 21.1467895507, 21.1467895507, 21.1467895507, 21.5000000000, 21.6250000000, 21.5000000000, 21.2500000000, 23.1302642822, -232.3167572021, Fault 0x, 22.5218811035
2026-07-23 17:37:42, 21.2429199218, 21.1467895507, 21.1467895507, 21.1467895507, 21.5000000000, 21.6875000000, 21.5625000000, 21.3125000000, 23.1641311645, -232.3167572021, Fault 0x, 22.5218811035
2026-07-23 17:37:43, 21.2429199218, 21.1467895507, 21.1467895507, 21.1467895507, 21.5000000000, 21.6875000000, 21.5625000000, 21.2500000000, 23.1302642822, -232.3167572021, Fault 0x, 22.4880142211
2026-07-23 17:37:45, 21.2429199218, 21.1467895507, 21.1467895507, 21.1467895507, 21.5000000000, 21.6250000000, 21.5625000000, 21.2500000000, 23.1641311645, -232.2872772216, Fault 0x, 22.4880142211
2026-07-23 17:37:47, 21.2429199218, 21.1467895507, 21.1467895507, 21.1467895507, 21.5000000000, 21.6875000000, 21.5625000000, 21.2500000000, 23.1641311645, -232.2872772216, Fault 0x, 22.4880142211
2026-07-23 17:37:49, 21.1467895507, 21.1467895507, 21.1467895507, 21.1467895507, 21.5000000000, 21.6875000000, 21.5625000000, 21.2500000000, 23.1302642822, -232.2578277587, Fault 0x, 22.4880142211
2026-07-23 17:37:51, 21.2429199218, 21.1467895507, 21.1467895507, 21.1467895507, 21.5000000000, 21.6250000000, 21.5625000000, 21.2500000000, 23.1302642822, -232.2578277587, Fault 0x, 22.4880142211
2026-07-23 17:37:52, 21.2429199218, 21.1467895507, 21.1467895507, 21.1467895507, 21.5000000000, 21.6250000000, 21.5625000000, 21.2500000000, 23.1302642822, -232.2578277587, Fault 0x, 22.4880142211
2026-07-23 17:37:54, 21.1467895507, 21.1467895507, 21.1467895507, 21.1467895507, 21.5000000000, 21.6875000000, 21.5000000000, 21.2500000000, 23.1302642822, -232.2283630371, Fault 0x, 22.4880142211
2026-07-23 17:37:56, 21.2429199218, 21.1467895507, 21.1467895507, 21.1467895507, 21.4375000000, 21.6875000000, 21.5000000000, 21.2500000000, 23.1302642822, -232.1988983154, Fault 0x, 22.4880142211
2026-07-23 17:37:58, 21.1467895507, 21.1467895507, 21.1467895507, 21.1467895507, 21.4375000000, 21.6875000000, 21.5625000000, 21.2500000000, 23.1302642822, -232.1988983154, Fault 0x, 22.4541473388
2026-07-23 17:37:59, 21.1467895507, 21.1467895507, 21.1467895507, 21.1467895507, 21.4375000000, 21.6250000000, 21.5000000000, 21.2500000000, 23.1302642822, -232.1694335937, Fault 0x, 22.4541473388
2026-07-23 17:38:01, 21.1467895507, 21.1467895507, 21.1467895507, 21.1467895507, 21.4375000000, 21.6875000000, 21.5000000000, 21.2500000000, 23.1302642822, -232.1694335937, Fault 0x, 22.4541473388
2026-07-23 17:38:03, 21.1467895507, 21.1467895507, 21.1467895507, 21.1467895507, 21.5000000000, 21.6250000000, 21.5000000000, 21.2500000000, 23.0963973999, -232.1694335937, Fault 0x, 22.4541473388
2026-07-23 17:38:05, 21.1467895507, 21.1467895507, 21.1467895507, 21.1467895507, 21.4375000000, 21.6250000000, 21.5625000000, 21.3125000000, 23.0963973999, -232.1694335937, Fault 0x, 22.4541473388
2026-07-23 17:38:06, 21.1467895507, 21.1467895507, 21.1467895507, 21.1467895507, 21.5000000000, 21.6250000000, 21.5000000000, 21.2500000000, 23.1302642822, -232.1694335937, Fault 0x, 22.4541473388
2026-07-23 17:38:08, 21.1467895507, 21.1467895507, 21.1467895507, 21.1467895507, 21.5000000000, 21.6250000000, 21.5000000000, 21.2500000000, 23.1302642822, -232.1694335937, Fault 0x, 22.4204826354
2026-07-23 17:38:10, 21.1467895507, 21.1467895507, 21.1467895507, 21.1467895507, 21.5000000000, 21.6250000000, 21.5000000000, 21.2500000000, 23.1302642822, -232.1694335937, Fault 0x, 22.4541473388
2026-07-23 17:38:12, 21.1467895507, 21.1467895507, 21.1467895507, 21.1467895507, 21.5000000000, 21.6875000000, 21.5000000000, 21.2500000000, 23.0963973999, -232.1694335937, Fault 0x, 22.4204826354
2026-07-23 17:38:14, 21.1467895507, 21.1467895507, 21.1467895507, 21.1467895507, 21.5000000000, 21.6250000000, 21.5625000000, 21.2500000000, 23.1302642822, -232.1694335937, Fault 0x, 22.4541473388
2026-07-23 17:38:15, 21.2429199218, 21.1467895507, 21.1467895507, 21.1467895507, 21.4375000000, 21.6250000000, 21.5000000000, 21.2500000000, 23.1302642822, -232.1399688720, Fault 0x, 22.4541473388
2026-07-23 17:38:17, 21.1467895507, 21.1467895507, 21.1467895507, 21.1467895507, 21.4375000000, 21.6250000000, 21.5000000000, 21.2500000000, 23.0963973999, -232.1399688720, Fault 0x, 22.4541473388
2026-07-23 17:38:19, 21.1467895507, 21.1467895507, 21.1467895507, 21.1467895507, 21.5000000000, 21.6250000000, 21.5625000000, 21.2500000000, 23.0963973999, -232.1399688720, Fault 0x, 22.4204826354
2026-07-23 17:38:21, 21.1467895507, 21.1467895507, 21.1467895507, 21.1467895507, 21.4375000000, 21.6875000000, 21.5000000000, 21.2500000000, 23.0963973999, -232.1105194091, Fault 0x, 22.4541473388
2026-07-23 17:38:22, 21.1467895507, 21.0506591796, 21.1467895507, 21.1467895507, 21.4375000000, 21.6250000000, 21.5000000000, 21.2500000000, 23.0963973999, -232.1399688720, Fault 0x, 22.4541473388
2026-07-23 17:38:24, 21.1467895507, 21.1467895507, 21.1467895507, 21.1467895507, 21.5000000000, 21.6875000000, 21.5000000000, 21.3125000000, 23.0963973999, -232.1105194091, Fault 0x, 22.4204826354
2026-07-23 17:38:26, 21.1467895507, 21.1467895507, 21.1467895507, 21.1467895507, 21.4375000000, 21.6250000000, 21.5000000000, 21.2500000000, 23.0963973999, -232.0810394287, Fault 0x, 22.4541473388
2026-07-23 17:38:28, 21.1467895507, 21.1467895507, 21.1467895507, 21.1467895507, 21.4375000000, 21.6250000000, 21.5000000000, 21.2500000000, 23.0963973999, -232.0810394287, Fault 0x, 22.4541473388
2026-07-23 17:38:30, 21.1467895507, 21.1467895507, 21.1467895507, 21.1467895507, 21.4375000000, 21.6250000000, 21.5000000000, 21.2500000000, 23.0963973999, -232.1105194091, Fault 0x, 22.4541473388
2026-07-23 17:38:31, 21.1467895507, 21.1467895507, 21.1467895507, 21.0506591796, 21.5000000000, 21.6875000000, 21.5625000000, 21.2500000000, 23.0963973999, -232.1105194091, Fault 0x, 22.4880142211
2026-07-23 17:38:33, 21.1467895507, 21.1467895507, 21.1467895507, 21.1467895507, 21.5000000000, 21.6875000000, 21.5625000000, 21.2500000000, 23.1302642822, -232.0810394287, Fault 0x, 22.4541473388
2026-07-23 17:38:35, 21.2429199218, 21.1467895507, 21.1467895507, 21.1467895507, 21.5000000000, 21.6875000000, 21.5000000000, 21.2500000000, 23.0963973999, -232.0810394287, Fault 0x, 22.4880142211
2026-07-23 17:38:37, 21.2429199218, 21.1467895507, 21.1467895507, 21.1467895507, 21.5000000000, 21.6875000000, 21.5000000000, 21.2500000000, 23.0963973999, -232.0515594482, Fault 0x, 22.4880142211
2026-07-23 17:38:38, 21.2429199218, 21.1467895507, 21.1467895507, 21.1467895507, 21.5000000000, 21.6250000000, 21.5625000000, 21.2500000000, 23.0963973999, -232.0810394287, Fault 0x, 22.4204826354
2026-07-23 17:38:40, 21.1467895507, 21.1467895507, 21.1467895507, 21.1467895507, 21.5000000000, 21.6875000000, 21.5625000000, 21.2500000000, 23.0963973999, -232.0515594482, Fault 0x, 22.4541473388
2026-07-23 17:38:42, 21.1467895507, 21.1467895507, 21.1467895507, 21.1467895507, 21.5000000000, 21.6875000000, 21.5625000000, 21.2500000000, 23.0963973999, -232.0515594482, Fault 0x, 22.4541473388
2026-07-23 17:38:44, 21.1467895507, 21.1467895507, 21.1467895507, 21.1467895507, 21.5000000000, 21.6875000000, 21.5625000000, 21.3125000000, 23.0963973999, -232.0515594482, Fault 0x, 22.4541473388
2026-07-23 17:38:46, 21.2429199218, 21.1467895507, 21.1467895507, 21.1467895507, 21.5000000000, 21.6875000000, 21.5000000000, 21.3125000000, 23.1302642822, -232.0515594482, Fault 0x, 22.4541473388
2026-07-23 17:38:47, 21.1467895507, 21.1467895507, 21.1467895507, 21.1467895507, 21.5000000000, 21.6875000000, 21.5000000000, 21.3125000000, 23.0963973999, -232.0515594482, Fault 0x, 22.4541473388
2026-07-23 17:38:49, 21.2429199218, 21.1467895507, 21.1467895507, 21.1467895507, 21.5000000000, 21.6875000000, 21.5625000000, 21.2500000000, 23.0963973999, -232.0515594482, Fault 0x, 22.4541473388
2026-07-23 17:38:51, 21.2429199218, 21.1467895507, 21.1467895507, 21.1467895507, 21.5000000000, 21.6875000000, 21.5000000000, 21.2500000000, 23.0963973999, -232.0515594482, Fault 0x, 22.4541473388
2026-07-23 17:38:53, 21.1467895507, 21.1467895507, 21.1467895507, 21.1467895507, 21.5000000000, 21.6875000000, 21.5625000000, 21.3125000000, 23.0963973999, -232.0221099853, Fault 0x, 22.4541473388
2026-07-23 17:38:54, 21.2429199218, 21.1467895507, 21.1467895507, 21.1467895507, 21.4375000000, 21.6875000000, 21.5000000000, 21.3125000000, 23.0963973999, -232.0221099853, Fault 0x, 22.4541473388
2026-07-23 17:38:56, 21.2429199218, 21.1467895507, 21.1467895507, 21.1467895507, 21.5000000000, 21.6875000000, 21.5000000000, 21.2500000000, 23.1302642822, -232.0221099853, Fault 0x, 22.4541473388
2026-07-23 17:38:58, 21.2429199218, 21.1467895507, 21.1467895507, 21.1467895507, 21.5000000000, 21.6875000000, 21.5000000000, 21.2500000000, 23.1302642822, -232.0221099853, Fault 0x, 22.4541473388
2026-07-23 17:39:00, 21.2429199218, 21.1467895507, 21.1467895507, 21.1467895507, 21.4375000000, 21.6875000000, 21.5000000000, 21.2500000000, 23.0963973999, -232.0221099853, Fault 0x, 22.4541473388
2026-07-23 17:39:02, 21.2429199218, 21.1467895507, 21.1467895507, 21.1467895507, 21.5000000000, 21.6875000000, 21.5625000000, 21.2500000000, 23.0963973999, -232.0221099853, Fault 0x, 22.4541473388
2026-07-23 17:39:03, 21.1467895507, 21.1467895507, 21.1467895507, 21.1467895507, 21.5000000000, 21.6875000000, 21.5625000000, 21.3125000000, 23.0963973999, -232.0221099853, Fault 0x, 22.4880142211
2026-07-23 17:39:05, 21.1467895507, 21.1467895507, 21.1467895507, 21.1467895507, 21.4375000000, 21.6875000000, 21.5000000000, 21.2500000000, 23.0625305175, -231.9926452636, Fault 0x, 22.4541473388
2026-07-23 17:39:07, 21.2429199218, 21.1467895507, 21.1467895507, 21.1467895507, 21.4375000000, 21.6875000000, 21.5000000000, 21.2500000000, 23.1302642822, -231.9926452636, Fault 0x, 22.4541473388
2026-07-23 17:39:09, 21.2429199218, 21.1467895507, 21.1467895507, 21.1467895507, 21.5000000000, 21.6250000000, 21.5000000000, 21.2500000000, 23.0963973999, -231.9926452636, Fault 0x, 22.4541473388
2026-07-23 17:39:10, 21.1467895507, 21.1467895507, 21.1467895507, 21.1467895507, 21.5000000000, 21.6875000000, 21.5625000000, 21.2500000000, 23.0963973999, -231.9631652832, Fault 0x, 22.4204826354
2026-07-23 17:39:12, 21.1467895507, 21.1467895507, 21.1467895507, 21.1467895507, 21.5625000000, 21.6875000000, 21.5625000000, 21.2500000000, 23.1302642822, -231.9631652832, Fault 0x, 22.4204826354
2026-07-23 17:39:14, 21.1467895507, 21.1467895507, 21.1467895507, 21.1467895507, 21.4375000000, 21.6875000000, 21.5000000000, 21.3125000000, 23.1302642822, -231.9631652832, Fault 0x, 22.4204826354
2026-07-23 17:39:16, 21.1467895507, 21.1467895507, 21.1467895507, 21.1467895507, 21.5000000000, 21.6875000000, 21.5625000000, 21.3125000000, 23.0963973999, -231.9631652832, Fault 0x, 22.4204826354
2026-07-23 17:39:18, 21.1467895507, 21.1467895507, 21.1467895507, 21.1467895507, 21.5000000000, 21.6875000000, 21.5625000000, 21.3125000000, 23.0963973999, -231.9631652832, Fault 0x, 22.3866176605
2026-07-23 17:39:19, 21.1467895507, 21.1467895507, 21.1467895507, 21.1467895507, 21.4375000000, 21.6250000000, 21.5625000000, 21.2500000000, 23.0963973999, -231.9337005615, Fault 0x, 22.4204826354
2026-07-23 17:39:21, 21.1467895507, 21.1467895507, 21.1467895507, 21.1467895507, 21.5000000000, 21.6250000000, 21.5000000000, 21.3125000000, 23.0963973999, -231.9631652832, Fault 0x, 22.3866176605
2026-07-23 17:39:23, 21.1467895507, 21.0506591796, 21.1467895507, 21.1467895507, 21.5000000000, 21.6875000000, 21.5000000000, 21.3125000000, 23.0963973999, -231.9631652832, Fault 0x, 22.4204826354
2026-07-23 17:39:25, 21.1467895507, 21.1467895507, 21.1467895507, 21.1467895507, 21.4375000000, 21.6875000000, 21.5000000000, 21.2500000000, 23.0625305175, -231.9337005615, Fault 0x, 22.4204826354
2026-07-23 17:39:26, 21.1467895507, 21.1467895507, 21.1467895507, 21.1467895507, 21.4375000000, 21.6875000000, 21.5000000000, 21.2500000000, 23.0625305175, -231.9337005615, Fault 0x, 22.4204826354
2026-07-23 17:39:28, 21.1467895507, 21.1467895507, 21.1467895507, 21.1467895507, 21.5000000000, 21.6875000000, 21.5000000000, 21.3125000000, 23.0625305175, -231.9337005615, Fault 0x, 22.4204826354
2026-07-23 17:39:30, 21.1467895507, 21.1467895507, 21.1467895507, 21.1467895507, 21.5000000000, 21.6875000000, 21.5000000000, 21.3125000000, 23.0963973999, -231.9337005615, Fault 0x, 22.3866176605
2026-07-23 17:39:32, 21.1467895507, 21.1467895507, 21.0506591796, 21.1467895507, 21.5000000000, 21.6875000000, 21.5000000000, 21.2500000000, 23.0963973999, -231.9042205810, Fault 0x, 22.4204826354
2026-07-23 17:39:34, 21.1467895507, 21.0506591796, 21.0506591796, 21.1467895507, 21.5000000000, 21.7500000000, 21.5000000000, 21.2500000000, 23.0963973999, -231.9042205810, Fault 0x, 22.3866176605
2026-07-23 17:39:35, 21.1467895507, 21.0506591796, 21.1467895507, 21.1467895507, 21.4375000000, 21.6875000000, 21.5000000000, 21.2500000000, 23.0963973999, -231.9042205810, Fault 0x, 22.4204826354
2026-07-23 17:39:37, 21.1467895507, 21.0506591796, 21.1467895507, 21.0506591796, 21.5000000000, 21.6875000000, 21.5000000000, 21.3125000000, 23.0963973999, -231.9042205810, Fault 0x, 22.3866176605
2026-07-23 17:39:39, 21.1467895507, 21.0506591796, 21.0506591796, 21.1467895507, 21.5000000000, 21.6250000000, 21.5000000000, 21.2500000000, 23.0963973999, -231.9042205810, Fault 0x, 22.3866176605
2026-07-23 17:39:41, 21.1467895507, 21.0506591796, 21.0506591796, 21.1467895507, 21.4375000000, 21.6250000000, 21.5000000000, 21.2500000000, 23.0963973999, -231.9042205810, Fault 0x, 22.3866176605
2026-07-23 17:39:42, 21.1467895507, 21.0506591796, 21.0506591796, 21.0506591796, 21.4375000000, 21.6875000000, 21.5000000000, 21.2500000000, 23.0963973999, -231.8747558593, Fault 0x, 22.3527507781
2026-07-23 17:39:44, 21.1467895507, 21.0506591796, 21.0506591796, 21.0506591796, 21.5000000000, 21.6875000000, 21.5000000000, 21.2500000000, 23.0625305175, -231.8747558593, Fault 0x, 22.4204826354
2026-07-23 17:39:46, 21.1467895507, 21.0506591796, 21.0506591796, 21.0506591796, 21.4375000000, 21.6875000000, 21.5000000000, 21.2500000000, 23.0963973999, -231.8747558593, Fault 0x, 22.3866176605
2026-07-23 17:39:48, 21.1467895507, 21.0506591796, 21.0506591796, 21.1467895507, 21.4375000000, 21.6875000000, 21.5000000000, 21.2500000000, 23.0963973999, -231.8747558593, Fault 0x, 22.3866176605
2026-07-23 17:39:50, 21.1467895507, 21.0506591796, 21.0506591796, 21.0506591796, 21.4375000000, 21.6875000000, 21.5000000000, 21.2500000000, 23.0963973999, -231.8747558593, Fault 0x, 22.3866176605
2026-07-23 17:39:51, 21.1467895507, 21.0506591796, 21.0506591796, 21.1467895507, 21.5000000000, 21.6875000000, 21.5000000000, 21.2500000000, 23.0963973999, -231.8452758789, Fault 0x, 22.3866176605
2026-07-23 17:39:53, 21.1467895507, 21.0506591796, 21.0506591796, 21.0506591796, 21.5000000000, 21.6875000000, 21.5625000000, 21.2500000000, 23.0963973999, -231.8452758789, Fault 0x, 22.3866176605
2026-07-23 17:39:55, 21.1467895507, 21.0506591796, 21.0506591796, 21.1467895507, 21.4375000000, 21.6875000000, 21.5000000000, 21.2500000000, 23.0963973999, -231.8452758789, Fault 0x, 22.3866176605
2026-07-23 17:39:57, 21.1467895507, 21.0506591796, 21.1467895507, 21.0506591796, 21.5000000000, 21.6875000000, 21.5000000000, 21.2500000000, 23.0963973999, -231.8452758789, Fault 0x, 22.4204826354
2026-07-23 17:39:58, 21.1467895507, 21.0506591796, 21.1467895507, 21.1467895507, 21.4375000000, 21.6875000000, 21.5000000000, 21.2500000000, 23.0963973999, -231.8157958984, Fault 0x, 22.3866176605
2026-07-23 17:40:00, 21.1467895507, 21.1467895507, 21.1467895507, 21.1467895507, 21.4375000000, 21.6250000000, 21.5625000000, 21.2500000000, 23.0963973999, -231.8157958984, Fault 0x, 22.4204826354
2026-07-23 17:40:02, 21.1467895507, 21.0506591796, 21.1467895507, 21.1467895507, 21.5000000000, 21.6875000000, 21.5000000000, 21.2500000000, 23.0963973999, -231.8157958984, Fault 0x, 22.4204826354
2026-07-23 17:40:04, 21.1467895507, 21.0506591796, 21.1467895507, 21.1467895507, 21.5000000000, 21.6875000000, 21.5625000000, 21.2500000000, 23.0963973999, -231.8157958984, Fault 0x, 22.3866176605
2026-07-23 17:40:06, 21.1467895507, 21.0506591796, 21.1467895507, 21.1467895507, 21.4375000000, 21.6875000000, 21.5000000000, 21.2500000000, 23.0963973999, -231.8157958984, Fault 0x, 22.4204826354
2026-07-23 17:40:07, 21.1467895507, 21.1467895507, 21.1467895507, 21.0506591796, 21.4375000000, 21.6875000000, 21.5000000000, 21.2500000000, 23.0963973999, -231.7863159179, Fault 0x, 22.4541473388
2026-07-23 17:40:09, 21.1467895507, 21.0506591796, 21.1467895507, 21.0506591796, 21.5000000000, 21.6875000000, 21.5000000000, 21.2500000000, 23.0625305175, -231.7863159179, Fault 0x, 22.4204826354
2026-07-23 17:40:11, 21.1467895507, 21.1467895507, 21.1467895507, 21.0506591796, 21.5000000000, 21.6875000000, 21.5625000000, 21.3125000000, 23.0963973999, -231.7863159179, Fault 0x, 22.3866176605
2026-07-23 17:40:13, 21.1467895507, 21.0506591796, 21.0506591796, 21.0506591796, 21.4375000000, 21.6875000000, 21.5000000000, 21.3125000000, 23.0963973999, -231.7568511962, Fault 0x, 22.4204826354
2026-07-23 17:40:14, 21.1467895507, 21.0506591796, 21.1467895507, 21.1467895507, 21.4375000000, 21.6250000000, 21.5625000000, 21.2500000000, 23.0963973999, -231.7568511962, Fault 0x, 22.3866176605
2026-07-23 17:40:16, 21.1467895507, 21.0506591796, 21.0506591796, 21.0506591796, 21.5000000000, 21.6875000000, 21.5000000000, 21.2500000000, 23.0963973999, -231.7568511962, Fault 0x, 22.4204826354
2026-07-23 17:40:18, 21.1467895507, 21.0506591796, 21.0506591796, 21.0506591796, 21.5000000000, 21.6875000000, 21.5000000000, 21.2500000000, 23.0625305175, -231.7273864746, Fault 0x, 22.4204826354
2026-07-23 17:40:20, 21.1467895507, 21.0506591796, 21.0506591796, 21.0506591796, 21.4375000000, 21.6875000000, 21.5000000000, 21.2500000000, 23.0963973999, -231.6978912353, Fault 0x, 22.4204826354
2026-07-23 17:40:21, 21.1467895507, 21.0506591796, 21.0506591796, 21.0506591796, 21.4375000000, 21.6875000000, 21.5000000000, 21.2500000000, 23.0625305175, -231.6978912353, Fault 0x, 22.3866176605
2026-07-23 17:40:23, 21.1467895507, 21.0506591796, 21.0506591796, 21.0506591796, 21.5000000000, 21.6875000000, 21.5000000000, 21.2500000000, 23.0625305175, -231.6978912353, Fault 0x, 22.3866176605
2026-07-23 17:40:25, 21.1467895507, 21.0506591796, 21.0506591796, 21.0506591796, 21.4375000000, 21.6875000000, 21.5000000000, 21.2500000000, 23.0963973999, -231.6684112548, Fault 0x, 22.4204826354
2026-07-23 17:40:27, 21.1467895507, 21.0506591796, 21.0506591796, 21.0506591796, 21.4375000000, 21.6875000000, 21.5000000000, 21.2500000000, 23.0625305175, -231.6684112548, Fault 0x, 22.3866176605
2026-07-23 17:40:29, 21.1467895507, 21.0506591796, 21.0506591796, 21.0506591796, 21.4375000000, 21.6250000000, 21.5000000000, 21.2500000000, 23.0625305175, -231.6978912353, Fault 0x, 22.3866176605
2026-07-23 17:40:30, 21.1467895507, 21.0506591796, 21.0506591796, 21.0506591796, 21.4375000000, 21.6250000000, 21.5000000000, 21.2500000000, 23.0625305175, -231.6684112548, Fault 0x, 22.3866176605
2026-07-23 17:40:32, 21.1467895507, 21.0506591796, 21.0506591796, 21.0506591796, 21.4375000000, 21.6875000000, 21.5000000000, 21.2500000000, 23.0625305175, -231.6389465332, Fault 0x, 22.3866176605
2026-07-23 17:40:34, 21.1467895507, 21.0506591796, 21.0506591796, 21.0506591796, 21.4375000000, 21.6875000000, 21.4375000000, 21.2500000000, 23.0288658142, -231.6094512939, Fault 0x, 22.3866176605
2026-07-23 17:40:36, 21.1467895507, 21.0506591796, 21.0506591796, 21.0506591796, 21.4375000000, 21.6250000000, 21.5000000000, 21.2500000000, 23.0625305175, -231.6389465332, Fault 0x, 22.3866176605
2026-07-23 17:40:37, 21.1467895507, 21.0506591796, 21.0506591796, 21.0506591796, 21.4375000000, 21.6875000000, 21.5000000000, 21.2500000000, 23.0625305175, -231.6094512939, Fault 0x, 22.3866176605
2026-07-23 17:40:39, 21.1467895507, 21.0506591796, 21.0506591796, 21.0506591796, 21.4375000000, 21.6875000000, 21.5000000000, 21.2500000000, 23.0963973999, -231.5799713134, Fault 0x, 22.3527507781
2026-07-23 17:40:41, 21.1467895507, 21.0506591796, 21.0506591796, 21.0506591796, 21.4375000000, 21.6875000000, 21.5000000000, 21.2500000000, 23.0625305175, -231.5799713134, Fault 0x, 22.3866176605
2026-07-23 17:40:43, 21.1467895507, 21.0506591796, 21.0506591796, 21.0506591796, 21.4375000000, 21.6875000000, 21.5000000000, 21.2500000000, 23.0625305175, -231.5799713134, Fault 0x, 22.3866176605
2026-07-23 17:40:45, 21.1467895507, 21.0506591796, 21.0506591796, 21.0506591796, 21.4375000000, 21.6875000000, 21.5000000000, 21.2500000000, 23.0963973999, -231.5505065917, Fault 0x, 22.3866176605
2026-07-23 17:40:46, 21.1467895507, 21.0506591796, 21.0506591796, 21.0506591796, 21.5000000000, 21.6875000000, 21.5000000000, 21.1875000000, 23.0625305175, -231.5505065917, Fault 0x, 22.3866176605
2026-07-23 17:40:48, 21.1467895507, 21.0506591796, 21.0506591796, 21.0506591796, 21.4375000000, 21.6875000000, 21.5000000000, 21.1875000000, 23.0963973999, -231.5505065917, Fault 0x, 22.4204826354
2026-07-23 17:40:50, 21.1467895507, 21.0506591796, 21.0506591796, 21.0506591796, 21.4375000000, 21.6875000000, 21.5000000000, 21.2500000000, 23.0625305175, -231.5505065917, Fault 0x, 22.3866176605
2026-07-23 17:40:52, 21.1467895507, 21.0506591796, 21.0506591796, 21.0506591796, 21.4375000000, 21.6250000000, 21.5000000000, 21.2500000000, 23.0625305175, -231.5505065917, Fault 0x, 22.4204826354
2026-07-23 17:40:53, 21.1467895507, 21.0506591796, 21.0506591796, 21.0506591796, 21.5000000000, 21.6875000000, 21.5000000000, 21.2500000000, 23.0625305175, -231.5210113525, Fault 0x, 22.4204826354
2026-07-23 17:40:55, 21.1467895507, 21.0506591796, 21.0506591796, 21.0506591796, 21.4375000000, 21.6875000000, 21.5000000000, 21.2500000000, 23.0625305175, -231.4915313720, Fault 0x, 22.4204826354
2026-07-23 17:40:57, 21.1467895507, 21.0506591796, 21.0506591796, 21.0506591796, 21.4375000000, 21.6875000000, 21.5000000000, 21.2500000000, 23.0625305175, -231.4915313720, Fault 0x, 22.4204826354
2026-07-23 17:40:59, 21.1467895507, 21.0506591796, 21.0506591796, 21.0506591796, 21.4375000000, 21.6250000000, 21.5000000000, 21.2500000000, 23.0625305175, -231.4620361328, Fault 0x, 22.4204826354
2026-07-23 17:41:01, 21.1467895507, 21.0506591796, 21.0506591796, 21.0506591796, 21.5000000000, 21.6250000000, 21.5625000000, 21.2500000000, 23.0625305175, -231.4325561523, Fault 0x, 22.4204826354
2026-07-23 17:41:02, 21.1467895507, 21.0506591796, 21.0506591796, 21.0506591796, 21.5000000000, 21.6875000000, 21.5000000000, 21.2500000000, 23.0625305175, -231.4325561523, Fault 0x, 22.4204826354
2026-07-23 17:41:04, 21.1467895507, 21.0506591796, 21.0506591796, 21.0506591796, 21.4375000000, 21.6875000000, 21.5000000000, 21.2500000000, 23.0625305175, -231.4325561523, Fault 0x, 22.4204826354
2026-07-23 17:41:06, 21.1467895507, 21.0506591796, 21.0506591796, 21.0506591796, 21.5000000000, 21.6250000000, 21.5000000000, 21.2500000000, 23.0625305175, -231.4030761718, Fault 0x, 22.4204826354
2026-07-23 17:41:08, 21.1467895507, 21.0506591796, 21.0506591796, 21.0506591796, 21.5000000000, 21.6875000000, 21.5625000000, 21.2500000000, 23.0625305175, -231.3735809326, Fault 0x, 22.4204826354
2026-07-23 17:41:09, 21.1467895507, 21.0506591796, 21.0506591796, 21.0506591796, 21.5000000000, 21.6875000000, 21.5000000000, 21.2500000000, 23.0625305175, -231.3440856933, Fault 0x, 22.4204826354
2026-07-23 17:41:11, 21.1467895507, 21.0506591796, 21.0506591796, 21.0506591796, 21.5000000000, 21.6875000000, 21.5000000000, 21.2500000000, 23.0963973999, -231.3440856933, Fault 0x, 22.3866176605
2026-07-23 17:41:13, 21.1467895507, 21.0506591796, 21.0506591796, 21.0506591796, 21.5000000000, 21.6875000000, 21.5000000000, 21.2500000000, 23.0625305175, -231.2851104736, Fault 0x, 22.4204826354
2026-07-23 17:41:15, 21.1467895507, 21.1467895507, 21.0506591796, 21.0506591796, 21.5000000000, 21.6875000000, 21.5625000000, 21.2500000000, 23.0963973999, -231.2556152343, Fault 0x, 22.4204826354
2026-07-23 17:41:17, 21.1467895507, 21.0506591796, 21.0506591796, 21.0506591796, 21.5000000000, 21.6875000000, 21.5000000000, 21.2500000000, 23.0625305175, -231.2261352539, Fault 0x, 22.4204826354
2026-07-23 17:41:18, 21.1467895507, 21.0506591796, 21.0506591796, 21.0506591796, 21.5000000000, 21.6875000000, 21.5625000000, 21.2500000000, 23.0625305175, -231.1966400146, Fault 0x, 22.3866176605
2026-07-23 17:41:20, 21.1467895507, 21.0506591796, 21.0506591796, 21.0506591796, 21.4375000000, 21.6875000000, 21.5000000000, 21.2500000000, 23.0625305175, -231.1671447753, Fault 0x, 22.3866176605
