2026-07-23 17:41:25, 21.1467895507, 21.0506591796, 21.0506591796, 21.0506591796, 21.4375000000, 21.6250000000, 21.5625000000, 21.3125000000, 23.0625305175, -231.0491638183, Fault 0x, 22.4541473388
2026-07-23 17:41:27, 21.1467895507, 21.0506591796, 21.0506591796, 21.0506591796, 21.5000000000, 21.6875000000, 21.5625000000, 21.2500000000, 23.0625305175, -230.9901580810, Fault 0x, 22.4204826354
2026-07-23 17:41:29, 21.1467895507, 21.0506591796, 21.0506591796, 21.0506591796, 21.4375000000, 21.6875000000, 21.5625000000, 21.2500000000, 23.0963973999, -230.9606628417, Fault 0x, 22.4204826354
2026-07-23 17:41:30, 21.1467895507, 21.0506591796, 21.0506591796, 21.0506591796, 21.4375000000, 21.6250000000, 21.5000000000, 21.2500000000, 23.0625305175, -230.9016723632, Fault 0x, 22.4204826354
2026-07-23 17:41:32, 21.1467895507, 21.0506591796, 21.0506591796, 21.0506591796, 21.4375000000, 21.6875000000, 21.5000000000, 21.2500000000, 23.0625305175, -230.8426666259, Fault 0x, 22.4204826354
2026-07-23 17:41:34, 21.1467895507, 21.0506591796, 21.0506591796, 21.0506591796, 21.4375000000, 21.6875000000, 21.5000000000, 21.2500000000, 23.0625305175, -230.7541503906, Fault 0x, 22.4204826354
2026-07-23 17:41:36, 21.1467895507, 21.0506591796, 21.0506591796, 21.0506591796, 21.4375000000, 21.6250000000, 21.5000000000, 21.2500000000, 23.0288658142, -230.7246398925, Fault 0x, 22.3866176605
2026-07-23 17:41:37, 21.1467895507, 21.0506591796, 21.0506591796, 21.0506591796, 21.5000000000, 21.6250000000, 21.5000000000, 21.2500000000, 23.0625305175, -230.6951293945, Fault 0x, 22.4204826354
2026-07-23 17:41:39, 21.1467895507, 21.0506591796, 21.0506591796, 21.0506591796, 21.5000000000, 21.6250000000, 21.5000000000, 21.2500000000, 23.0625305175, -230.6656188964, Fault 0x, 22.4204826354
2026-07-23 17:41:41, 21.1467895507, 21.0506591796, 21.0506591796, 21.0506591796, 21.4375000000, 21.6875000000, 21.5000000000, 21.2500000000, 23.0625305175, -230.6066131591, Fault 0x, 22.3866176605
2026-07-23 17:41:43, 21.1467895507, 21.0506591796, 21.0506591796, 21.0506591796, 21.4375000000, 21.6250000000, 21.5000000000, 21.2500000000, 23.0288658142, -230.5770874023, Fault 0x, 22.3866176605
2026-07-23 17:41:45, 21.1467895507, 21.0506591796, 21.0506591796, 21.0506591796, 21.4375000000, 21.6250000000, 21.5000000000, 21.2500000000, 23.0625305175, -230.5180816650, Fault 0x, 22.3866176605
2026-07-23 17:41:46, 21.1467895507, 21.0506591796, 21.0506591796, 21.0506591796, 21.4375000000, 21.6250000000, 21.5000000000, 21.2500000000, 23.0288658142, -230.4590454101, Fault 0x, 22.3866176605
2026-07-23 17:41:48, 21.1467895507, 21.0506591796, 21.0506591796, 21.0506591796, 21.4375000000, 21.6250000000, 21.5000000000, 21.2500000000, 23.0288658142, -230.4590454101, Fault 0x, 22.3527507781
2026-07-23 17:41:50, 21.1467895507, 21.0506591796, 21.0506591796, 21.0506591796, 21.3750000000, 21.6250000000, 21.5000000000, 21.1875000000, 23.0288658142, -230.4295349121, Fault 0x, 22.3527507781
2026-07-23 17:41:52, 21.0506591796, 21.0506591796, 21.0506591796, 21.0506591796, 21.4375000000, 21.6250000000, 21.5000000000, 21.1875000000, 22.9950008392, -230.4000091552, Fault 0x, 22.3190860748
2026-07-23 17:41:53, 21.1467895507, 21.0506591796, 21.0506591796, 21.0506591796, 21.3750000000, 21.6250000000, 21.4375000000, 21.1875000000, 23.0288658142, -230.3409729003, Fault 0x, 22.3527507781
2026-07-23 17:41:55, 21.0506591796, 21.0506591796, 21.0506591796, 21.0506591796, 21.4375000000, 21.6250000000, 21.5000000000, 21.2500000000, 22.9950008392, -230.2819519042, Fault 0x, 22.3190860748
2026-07-23 17:41:57, 21.0506591796, 21.0506591796, 21.0506591796, 21.0506591796, 21.4375000000, 21.6250000000, 21.5000000000, 21.2500000000, 22.9950008392, -230.2229003906, Fault 0x, 22.3190860748
2026-07-23 17:41:59, 21.1467895507, 21.0506591796, 21.0506591796, 21.0506591796, 21.4375000000, 21.6875000000, 21.5000000000, 21.1875000000, 22.9950008392, -230.1933746337, Fault 0x, 22.3190860748
2026-07-23 17:42:01, 21.0506591796, 21.0506591796, 21.0506591796, 21.0506591796, 21.4375000000, 21.6250000000, 21.5000000000, 21.1875000000, 22.9613361358, -230.1933746337, Fault 0x, 22.3190860748
2026-07-23 17:42:02, 21.1467895507, 21.0506591796, 21.0506591796, 21.0506591796, 21.3750000000, 21.6875000000, 21.5000000000, 21.2500000000, 22.9613361358, -230.1343231201, Fault 0x, 22.3527507781
2026-07-23 17:42:04, 21.0506591796, 21.0506591796, 21.0506591796, 21.0506591796, 21.4375000000, 21.6250000000, 21.5000000000, 21.2500000000, 22.9950008392, -230.0753021240, Fault 0x, 22.3190860748
2026-07-23 17:42:06, 21.0506591796, 21.0506591796, 21.0506591796, 21.0506591796, 21.4375000000, 21.6250000000, 21.4375000000, 21.2500000000, 22.9950008392, -229.9867095947, Fault 0x, 22.3190860748
2026-07-23 17:42:08, 21.0506591796, 21.0506591796, 21.0506591796, 21.0506591796, 21.4375000000, 21.6250000000, 21.5000000000, 21.1875000000, 22.9950008392, -229.8685913085, Fault 0x, 22.3190860748
2026-07-23 17:42:09, 21.0506591796, 21.0506591796, 21.0506591796, 21.0506591796, 21.3750000000, 21.6250000000, 21.5000000000, 21.1875000000, 22.9950008392, -229.8390655517, Fault 0x, 22.3190860748
2026-07-23 17:42:11, 21.0506591796, 21.0506591796, 21.0506591796, 21.0506591796, 21.3750000000, 21.5625000000, 21.5000000000, 21.1875000000, 22.9950008392, -229.7799835205, Fault 0x, 22.3190860748
2026-07-23 17:42:13, 21.0506591796, 21.0506591796, 21.0506591796, 21.0506591796, 21.3750000000, 21.6250000000, 21.4375000000, 21.1875000000, 22.9950008392, -229.7209320068, Fault 0x, 22.3190860748
2026-07-23 17:42:15, 21.0506591796, 21.0506591796, 21.0506591796, 21.0506591796, 21.3750000000, 21.6875000000, 21.4375000000, 21.1875000000, 22.9950008392, -229.7209320068, Fault 0x, 22.3190860748
2026-07-23 17:42:17, 21.0506591796, 21.0506591796, 21.0506591796, 21.0506591796, 21.4375000000, 21.5625000000, 21.4375000000, 21.1875000000, 22.9950008392, -229.6323089599, Fault 0x, 22.2852191925
2026-07-23 17:42:18, 21.0506591796, 21.0506591796, 20.9545440673, 21.0506591796, 21.3750000000, 21.6250000000, 21.5000000000, 21.1875000000, 22.9950008392, -229.5732269287, Fault 0x, 22.2852191925
2026-07-23 17:42:20, 21.0506591796, 21.0506591796, 21.0506591796, 21.0506591796, 21.3750000000, 21.6250000000, 21.4375000000, 21.1875000000, 22.9950008392, -229.5437011718, Fault 0x, 22.2852191925
2026-07-23 17:42:22, 21.0506591796, 21.0506591796, 21.0506591796, 21.0506591796, 21.4375000000, 21.6250000000, 21.4375000000, 21.1875000000, 22.9950008392, -229.4846038818, Fault 0x, 22.2852191925
2026-07-23 17:42:24, 21.0506591796, 21.0506591796, 21.0506591796, 21.0506591796, 21.4375000000, 21.6250000000, 21.4375000000, 21.1875000000, 22.9950008392, -229.3959808349, Fault 0x, 22.3190860748
2026-07-23 17:42:25, 21.0506591796, 21.0506591796, 20.9545440673, 21.0506591796, 21.4375000000, 21.6250000000, 21.4375000000, 21.2500000000, 22.9950008392, -229.3664245605, Fault 0x, 22.3527507781
2026-07-23 17:42:27, 21.0506591796, 21.0506591796, 20.9545440673, 21.0506591796, 21.3750000000, 21.6250000000, 21.5000000000, 21.1875000000, 22.9950008392, -229.2186737060, Fault 0x, 22.3190860748
2026-07-23 17:42:29, 21.0506591796, 21.0506591796, 20.9545440673, 21.0506591796, 21.4375000000, 21.6250000000, 21.4375000000, 21.1875000000, 22.9950008392, -229.1595764160, Fault 0x, 22.3190860748
2026-07-23 17:42:31, 21.0506591796, 21.0506591796, 20.9545440673, 21.0506591796, 21.4375000000, 21.6875000000, 21.5000000000, 21.1875000000, 22.9950008392, -229.1300201416, Fault 0x, 22.3190860748
2026-07-23 17:42:32, 21.0506591796, 21.0506591796, 20.9545440673, 21.0506591796, 21.4375000000, 21.6250000000, 21.5000000000, 21.1875000000, 22.9950008392, -229.0413665771, Fault 0x, 22.3190860748
2026-07-23 17:42:34, 21.0506591796, 21.0506591796, 20.9545440673, 21.0506591796, 21.4375000000, 21.6250000000, 21.5000000000, 21.1875000000, 22.9950008392, -229.0413665771, Fault 0x, 22.3190860748
2026-07-23 17:42:36, 21.0506591796, 21.0506591796, 20.9545440673, 21.0506591796, 21.4375000000, 21.6250000000, 21.5000000000, 21.1875000000, 23.0288658142, -229.0118103027, Fault 0x, 22.3190860748
2026-07-23 17:42:38, 21.0506591796, 21.0506591796, 20.9545440673, 21.0506591796, 21.4375000000, 21.6250000000, 21.4375000000, 21.1875000000, 23.0288658142, -228.9231262207, Fault 0x, 22.3190860748
2026-07-23 17:42:40, 21.0506591796, 21.0506591796, 20.9545440673, 21.0506591796, 21.3750000000, 21.6250000000, 21.4375000000, 21.1875000000, 23.0288658142, -228.9231262207, Fault 0x, 22.3190860748
2026-07-23 17:42:41, 21.0506591796, 21.0506591796, 20.9545440673, 21.0506591796, 21.4375000000, 21.6250000000, 21.4375000000, 21.1875000000, 22.9950008392, -228.8935699462, Fault 0x, 22.2852191925
2026-07-23 17:42:43, 21.0506591796, 21.0506591796, 21.0506591796, 21.0506591796, 21.3750000000, 21.6250000000, 21.4375000000, 21.1875000000, 23.0288658142, -228.8640136718, Fault 0x, 22.3190860748
2026-07-23 17:42:45, 21.0506591796, 21.0506591796, 21.0506591796, 21.0506591796, 21.4375000000, 21.6250000000, 21.4375000000, 21.1875000000, 23.0288658142, -228.8344573974, Fault 0x, 22.3527507781
2026-07-23 17:42:47, 21.0506591796, 21.0506591796, 21.0506591796, 21.0506591796, 21.4375000000, 21.6250000000, 21.4375000000, 21.2500000000, 23.0288658142, -228.7753295898, Fault 0x, 22.3190860748
2026-07-23 17:42:48, 21.0506591796, 21.0506591796, 20.9545440673, 21.0506591796, 21.4375000000, 21.6875000000, 21.4375000000, 21.1875000000, 23.0288658142, -228.7753295898, Fault 0x, 22.3190860748
2026-07-23 17:42:50, 21.0506591796, 21.0506591796, 20.9545440673, 21.0506591796, 21.4375000000, 21.6250000000, 21.4375000000, 21.1875000000, 23.0288658142, -228.7161865234, Fault 0x, 22.3527507781
2026-07-23 17:42:52, 21.0506591796, 21.0506591796, 21.0506591796, 21.0506591796, 21.4375000000, 21.6250000000, 21.5000000000, 21.1875000000, 23.0625305175, -228.6570434570, Fault 0x, 22.3527507781
2026-07-23 17:42:54, 21.0506591796, 21.0506591796, 21.0506591796, 21.0506591796, 21.4375000000, 21.6250000000, 21.4375000000, 21.1875000000, 23.0288658142, -228.5979156494, Fault 0x, 22.3527507781
2026-07-23 17:42:56, 21.0506591796, 21.0506591796, 21.0506591796, 21.0506591796, 21.4375000000, 21.6250000000, 21.4375000000, 21.1875000000, 23.0625305175, -228.3317871093, Fault 0x, 22.3527507781
2026-07-23 17:42:57, 21.0506591796, 21.0506591796, 21.0506591796, 21.0506591796, 21.4375000000, 21.6250000000, 21.4375000000, 21.2500000000, 23.0625305175, -226.7630157470, Fault 0x, 22.3527507781
2026-07-23 17:42:59, 21.0506591796, 21.0506591796, 21.0506591796, 21.0506591796, 21.4375000000, 21.6250000000, 21.4375000000, 21.2500000000, 23.0625305175, -220.2256927490, Fault 0x, 22.3527507781
2026-07-23 17:43:01, 21.0506591796, 21.0506591796, 20.9545440673, 21.0506591796, 21.4375000000, 21.6875000000, 21.4375000000, 21.2500000000, 23.0625305175, -220.7322998046, Fault 0x, 22.3527507781
2026-07-23 17:43:03, 21.0506591796, 21.0506591796, 21.0506591796, 21.0506591796, 21.4375000000, 21.6875000000, 21.5000000000, 21.1875000000, 23.0625305175, -220.6429138183, Fault 0x, 22.3866176605
2026-07-23 17:43:04, 21.0506591796, 21.0506591796, 21.0506591796, 21.0506591796, 21.4375000000, 21.6250000000, 21.4375000000, 21.2500000000, 23.0625305175, -220.6429138183, Fault 0x, 22.3866176605
2026-07-23 17:43:06, 21.0506591796, 21.0506591796, 21.0506591796, 21.0506591796, 21.4375000000, 21.6250000000, 21.4375000000, 21.1875000000, 23.0625305175, -220.6131134033, Fault 0x, 22.3866176605
2026-07-23 17:43:08, 21.0506591796, 21.0506591796, 21.0506591796, 21.0506591796, 21.4375000000, 21.6250000000, 21.4375000000, 21.1875000000, 23.0288658142, -220.6429138183, Fault 0x, 22.3866176605
2026-07-23 17:43:10, 21.0506591796, 21.0506591796, 21.0506591796, 21.0506591796, 21.4375000000, 21.6250000000, 21.5000000000, 21.1875000000, 23.0625305175, -220.5833282470, Fault 0x, 22.3866176605
2026-07-23 17:43:12, 21.1467895507, 21.0506591796, 21.0506591796, 21.0506591796, 21.5000000000, 21.6250000000, 21.5000000000, 21.1875000000, 23.0625305175, -220.5237274169, Fault 0x, 22.3866176605
2026-07-23 17:43:13, 21.1467895507, 21.0506591796, 21.0506591796, 21.0506591796, 21.4375000000, 21.6875000000, 21.4375000000, 21.1875000000, 23.0288658142, -220.5535278320, Fault 0x, 22.3866176605
2026-07-23 17:43:15, 21.0506591796, 21.0506591796, 21.0506591796, 21.0506591796, 21.4375000000, 21.6250000000, 21.5000000000, 21.2500000000, 23.0625305175, -220.5237274169, Fault 0x, 22.3866176605
2026-07-23 17:43:17, 21.1467895507, 21.0506591796, 21.0506591796, 21.0506591796, 21.4375000000, 21.6250000000, 21.5000000000, 21.1875000000, 23.0288658142, -220.4641418457, Fault 0x, 22.3527507781
2026-07-23 17:43:19, 21.0506591796, 21.0506591796, 21.0506591796, 21.0506591796, 21.3750000000, 21.6250000000, 21.4375000000, 21.1875000000, 23.0288658142, -220.4343261718, Fault 0x, 22.3527507781
2026-07-23 17:43:20, 21.1467895507, 21.0506591796, 21.0506591796, 21.0506591796, 21.4375000000, 21.6875000000, 21.5000000000, 21.1875000000, 23.0625305175, -220.4343261718, Fault 0x, 22.3527507781
2026-07-23 17:43:22, 21.1467895507, 21.0506591796, 21.0506591796, 21.0506591796, 21.4375000000, 21.6250000000, 21.4375000000, 21.2500000000, 23.0288658142, -220.4045104980, Fault 0x, 22.3866176605
2026-07-23 17:43:24, 21.1467895507, 21.0506591796, 21.0506591796, 21.0506591796, 21.4375000000, 21.6250000000, 21.4375000000, 21.1875000000, 23.0288658142, -220.3747406005, Fault 0x, 22.3527507781
2026-07-23 17:43:26, 21.1467895507, 21.0506591796, 21.0506591796, 21.0506591796, 21.3750000000, 21.6250000000, 21.5000000000, 21.1875000000, 23.0288658142, -220.3747406005, Fault 0x, 22.3527507781
2026-07-23 17:43:28, 21.1467895507, 21.0506591796, 21.0506591796, 21.0506591796, 21.4375000000, 21.6250000000, 21.4375000000, 21.1875000000, 23.0288658142, -220.3747406005, Fault 0x, 22.3866176605
2026-07-23 17:43:29, 21.1467895507, 21.0506591796, 21.0506591796, 21.0506591796, 21.4375000000, 21.6250000000, 21.4375000000, 21.2500000000, 23.0288658142, -220.3449249267, Fault 0x, 22.3527507781
2026-07-23 17:43:31, 21.1467895507, 21.0506591796, 21.0506591796, 21.0506591796, 21.4375000000, 21.6250000000, 21.5000000000, 21.1875000000, 23.0288658142, -220.3151245117, Fault 0x, 22.3527507781
2026-07-23 17:43:33, 21.1467895507, 21.0506591796, 21.0506591796, 21.0506591796, 21.4375000000, 21.6250000000, 21.5000000000, 21.1875000000, 23.0288658142, -220.3449249267, Fault 0x, 22.3527507781
2026-07-23 17:43:35, 21.0506591796, 21.0506591796, 21.0506591796, 21.0506591796, 21.3750000000, 21.6250000000, 21.4375000000, 21.1875000000, 23.0625305175, -220.3151245117, Fault 0x, 22.3527507781
2026-07-23 17:43:36, 21.0506591796, 21.0506591796, 21.0506591796, 21.0506591796, 21.4375000000, 21.6250000000, 21.4375000000, 21.1875000000, 23.0288658142, -220.2853088378, Fault 0x, 22.3527507781
2026-07-23 17:43:38, 21.1467895507, 21.0506591796, 21.0506591796, 21.0506591796, 21.4375000000, 21.6875000000, 21.4375000000, 21.1875000000, 23.0288658142, -220.2853088378, Fault 0x, 22.3527507781
2026-07-23 17:43:40, 21.1467895507, 21.0506591796, 21.0506591796, 21.0506591796, 21.4375000000, 21.6250000000, 21.5000000000, 21.1875000000, 23.0288658142, -220.3151245117, Fault 0x, 22.3527507781
2026-07-23 17:43:42, 21.0506591796, 21.0506591796, 21.0506591796, 21.0506591796, 21.4375000000, 21.6250000000, 21.4375000000, 21.1875000000, 23.0625305175, -220.2554931640, Fault 0x, 22.3866176605
2026-07-23 17:43:44, 21.1467895507, 21.0506591796, 20.9545440673, 21.0506591796, 21.4375000000, 21.6250000000, 21.4375000000, 21.1875000000, 23.0288658142, -220.2256927490, Fault 0x, 22.3527507781
2026-07-23 17:43:45, 21.0506591796, 21.0506591796, 20.9545440673, 21.0506591796, 21.4375000000, 21.6875000000, 21.4375000000, 21.1875000000, 23.0288658142, -220.2256927490, Fault 0x, 22.3527507781
2026-07-23 17:43:47, 21.0506591796, 21.0506591796, 20.9545440673, 21.0506591796, 21.4375000000, 21.6250000000, 21.4375000000, 21.1875000000, 23.0288658142, -220.2256927490, Fault 0x, 22.3527507781
2026-07-23 17:43:49, 21.0506591796, 21.0506591796, 20.9545440673, 21.0506591796, 21.3750000000, 21.6875000000, 21.4375000000, 21.1875000000, 23.0625305175, -220.2256927490, Fault 0x, 22.3190860748
2026-07-23 17:43:51, 21.0506591796, 21.0506591796, 21.0506591796, 21.0506591796, 21.4375000000, 21.6250000000, 21.5000000000, 21.1875000000, 23.0288658142, -220.1958770751, Fault 0x, 22.3527507781
2026-07-23 17:43:52, 21.0506591796, 21.0506591796, 20.9545440673, 21.0506591796, 21.4375000000, 21.6250000000, 21.4375000000, 21.1875000000, 23.0288658142, -220.1958770751, Fault 0x, 22.3190860748
2026-07-23 17:43:54, 21.0506591796, 21.0506591796, 20.9545440673, 21.0506591796, 21.3750000000, 21.6250000000, 21.4375000000, 21.1875000000, 23.0288658142, -220.1958770751, Fault 0x, 22.3190860748
2026-07-23 17:43:56, 21.0506591796, 21.0506591796, 20.9545440673, 21.0506591796, 21.4375000000, 21.6250000000, 21.4375000000, 21.1250000000, 22.9950008392, -220.1660919189, Fault 0x, 22.3190860748
2026-07-23 17:43:58, 21.0506591796, 21.0506591796, 20.9545440673, 21.0506591796, 21.4375000000, 21.6250000000, 21.4375000000, 21.1250000000, 22.9950008392, -220.1958770751, Fault 0x, 22.3190860748
2026-07-23 17:44:00, 21.0506591796, 21.0506591796, 20.9545440673, 21.0506591796, 21.4375000000, 21.6250000000, 21.4375000000, 21.1875000000, 23.0288658142, -220.1958770751, Fault 0x, 22.3190860748
2026-07-23 17:44:01, 21.0506591796, 21.0506591796, 20.9545440673, 21.0506591796, 21.4375000000, 21.6250000000, 21.4375000000, 21.1875000000, 23.0288658142, -220.1362762451, Fault 0x, 22.2852191925
2026-07-23 17:44:03, 21.0506591796, 21.0506591796, 20.9545440673, 21.0506591796, 21.4375000000, 21.6250000000, 21.5000000000, 21.1875000000, 22.9950008392, -220.1362762451, Fault 0x, 22.3190860748
2026-07-23 17:44:05, 21.0506591796, 21.0506591796, 20.9545440673, 21.0506591796, 21.3750000000, 21.6250000000, 21.4375000000, 21.1250000000, 22.9950008392, -220.1064605712, Fault 0x, 22.2515544891
2026-07-23 17:44:07, 21.0506591796, 20.9545440673, 20.9545440673, 21.0506591796, 21.4375000000, 21.5625000000, 21.4375000000, 21.1875000000, 22.9950008392, -220.1064605712, Fault 0x, 22.2852191925
2026-07-23 17:44:08, 21.0506591796, 21.0506591796, 20.9545440673, 21.0506591796, 21.4375000000, 21.6250000000, 21.4375000000, 21.1250000000, 22.9950008392, -220.0766448974, Fault 0x, 22.2515544891
2026-07-23 17:44:10, 21.0506591796, 20.9545440673, 20.9545440673, 21.0506591796, 21.3750000000, 21.6250000000, 21.4375000000, 21.1250000000, 22.9950008392, -220.0468444824, Fault 0x, 22.2515544891
2026-07-23 17:44:12, 21.0506591796, 20.9545440673, 20.9545440673, 21.0506591796, 21.4375000000, 21.6250000000, 21.4375000000, 21.1250000000, 23.0288658142, -220.0170135498, Fault 0x, 22.2852191925
2026-07-23 17:44:14, 21.0506591796, 20.9545440673, 20.9545440673, 21.0506591796, 21.4375000000, 21.6250000000, 21.4375000000, 21.1875000000, 22.9950008392, -219.9872131347, Fault 0x, 22.2852191925
2026-07-23 17:44:16, 21.0506591796, 21.0506591796, 20.9545440673, 21.0506591796, 21.4375000000, 21.5625000000, 21.4375000000, 21.1250000000, 22.9950008392, -219.9573822021, Fault 0x, 22.2852191925
2026-07-23 17:44:17, 21.0506591796, 21.0506591796, 20.9545440673, 21.0506591796, 21.3750000000, 21.6250000000, 21.4375000000, 21.1875000000, 22.9950008392, -219.9573822021, Fault 0x, 22.2515544891
2026-07-23 17:44:19, 21.0506591796, 20.9545440673, 20.9545440673, 21.0506591796, 21.3750000000, 21.6250000000, 21.3750000000, 21.1250000000, 22.9950008392, -219.8977661132, Fault 0x, 22.2852191925
2026-07-23 17:44:21, 21.0506591796, 20.9545440673, 20.9545440673, 21.0506591796, 21.3750000000, 21.6250000000, 21.4375000000, 21.1875000000, 22.9613361358, -219.8381347656, Fault 0x, 22.2852191925
2026-07-23 17:44:23, 21.0506591796, 20.9545440673, 20.9545440673, 21.0506591796, 21.4375000000, 21.6250000000, 21.4375000000, 21.1875000000, 23.0288658142, -219.8977661132, Fault 0x, 22.2852191925
2026-07-23 17:44:24, 21.0506591796, 20.9545440673, 20.9545440673, 21.0506591796, 21.3750000000, 21.6250000000, 21.4375000000, 21.1875000000, 22.9950008392, -219.8381347656, Fault 0x, 22.2515544891
2026-07-23 17:44:26, 21.0506591796, 20.9545440673, 20.9545440673, 21.0506591796, 21.3750000000, 21.6250000000, 21.3750000000, 21.1250000000, 22.9950008392, -219.8083038330, Fault 0x, 22.2852191925
2026-07-23 17:44:28, 21.0506591796, 20.9545440673, 20.9545440673, 21.0506591796, 21.3750000000, 21.6250000000, 21.4375000000, 21.1875000000, 22.9950008392, -219.6890258789, Fault 0x, 22.2515544891
2026-07-23 17:44:30, 21.0506591796, 20.9545440673, 20.9545440673, 21.0506591796, 21.3750000000, 21.5625000000, 21.3750000000, 21.1250000000, 22.9950008392, -219.6890258789, Fault 0x, 22.2515544891
2026-07-23 17:44:32, 21.0506591796, 21.0506591796, 20.9545440673, 20.9545440673, 21.3750000000, 21.5625000000, 21.3750000000, 21.1250000000, 22.9950008392, -219.5995483398, Fault 0x, 22.2852191925
2026-07-23 17:44:33, 21.0506591796, 20.9545440673, 20.9545440673, 20.9545440673, 21.3125000000, 21.5625000000, 21.3750000000, 21.1250000000, 22.9613361358, -219.6293487548, Fault 0x, 22.2515544891
2026-07-23 17:44:35, 21.0506591796, 20.9545440673, 20.9545440673, 20.9545440673, 21.3125000000, 21.6250000000, 21.4375000000, 21.1250000000, 22.9613361358, -219.5995483398, Fault 0x, 22.2515544891
2026-07-23 17:44:37, 21.0506591796, 20.9545440673, 20.9545440673, 20.9545440673, 21.3750000000, 21.5625000000, 21.4375000000, 21.1250000000, 22.9613361358, -219.5398864746, Fault 0x, 22.2852191925
2026-07-23 17:44:39, 21.0506591796, 20.9545440673, 20.9545440673, 20.9545440673, 21.3750000000, 21.5625000000, 21.4375000000, 21.1250000000, 22.9950008392, -219.4504089355, Fault 0x, 22.2852191925
2026-07-23 17:44:40, 21.0506591796, 20.9545440673, 20.9545440673, 20.9545440673, 21.3750000000, 21.5625000000, 21.4375000000, 21.1250000000, 22.9613361358, -219.4504089355, Fault 0x, 22.2515544891
2026-07-23 17:44:42, 21.0506591796, 20.9545440673, 20.9545440673, 20.9545440673, 21.3750000000, 21.5625000000, 21.3750000000, 21.1250000000, 22.9613361358, -219.3012390136, Fault 0x, 22.2852191925
2026-07-23 17:44:44, 21.0506591796, 20.9545440673, 20.9545440673, 20.9545440673, 21.3750000000, 21.6250000000, 21.4375000000, 21.1250000000, 22.9613361358, -219.0923919677, Fault 0x, 22.2515544891
2026-07-23 17:44:46, 21.0506591796, 20.9545440673, 20.9545440673, 20.9545440673, 21.3750000000, 21.5000000000, 21.4375000000, 21.1250000000, 22.9950008392, -218.7342529296, Fault 0x, 22.2852191925
2026-07-23 17:44:47, 21.0506591796, 20.9545440673, 20.9545440673, 20.9545440673, 21.3750000000, 21.5625000000, 21.4375000000, 21.1250000000, 22.9613361358, -217.8085174560, Fault 0x, 22.2852191925
2026-07-23 17:44:49, 21.0506591796, 20.9545440673, 20.9545440673, 20.9545440673, 21.3750000000, 21.5625000000, 21.4375000000, 21.1250000000, 22.9613361358, -217.7487792968, Fault 0x, 22.2852191925
2026-07-23 17:44:51, 21.0506591796, 20.9545440673, 20.9545440673, 20.9545440673, 21.3750000000, 21.5625000000, 21.4375000000, 21.1250000000, 22.9613361358, -217.6591186523, Fault 0x, 22.2852191925
2026-07-23 17:44:53, 21.0506591796, 20.9545440673, 20.9545440673, 21.0506591796, 21.3750000000, 21.5625000000, 21.4375000000, 21.1250000000, 22.9950008392, -217.5993652343, Fault 0x, 22.3190860748
2026-07-23 17:44:55, 21.0506591796, 20.9545440673, 20.9545440673, 21.0506591796, 21.3750000000, 21.6250000000, 21.4375000000, 21.1250000000, 22.9613361358, -217.5695037841, Fault 0x, 22.2852191925
2026-07-23 17:44:56, 21.0506591796, 20.9545440673, 20.9545440673, 20.9545440673, 21.3750000000, 21.5625000000, 21.3750000000, 21.1250000000, 22.9950008392, -217.4798278808, Fault 0x, 22.2852191925
2026-07-23 17:44:58, 21.0506591796, 20.9545440673, 20.9545440673, 21.0506591796, 21.3750000000, 21.5625000000, 21.4375000000, 21.1875000000, 22.9950008392, -217.3304138183, Fault 0x, 22.2852191925
2026-07-23 17:45:00, 21.0506591796, 20.9545440673, 20.9545440673, 20.9545440673, 21.3750000000, 21.6250000000, 21.3750000000, 21.1250000000, 23.0288658142, -217.2706298828, Fault 0x, 22.2852191925
2026-07-23 17:45:02, 21.0506591796, 20.9545440673, 20.9545440673, 20.9545440673, 21.3750000000, 21.5625000000, 21.4375000000, 21.1875000000, 23.0288658142, -217.1809387207, Fault 0x, 22.3190860748
2026-07-23 17:45:03, 21.0506591796, 20.9545440673, 20.9545440673, 21.0506591796, 21.3750000000, 21.5625000000, 21.4375000000, 21.1875000000, 22.9950008392, -217.0912780761, Fault 0x, 22.3190860748
2026-07-23 17:45:05, 21.0506591796, 20.9545440673, 20.9545440673, 21.0506591796, 21.3750000000, 21.5625000000, 21.4375000000, 21.1250000000, 23.0288658142, -217.0314788818, Fault 0x, 22.3190860748
2026-07-23 17:45:07, 21.0506591796, 20.9545440673, 20.9545440673, 21.0506591796, 21.3750000000, 21.6250000000, 21.4375000000, 21.1875000000, 22.9950008392, -216.9417724609, Fault 0x, 22.3527507781
2026-07-23 17:45:09, 21.0506591796, 21.0506591796, 20.9545440673, 21.0506591796, 21.4375000000, 21.5625000000, 21.4375000000, 21.1875000000, 23.0288658142, -216.7922668457, Fault 0x, 22.3190860748
2026-07-23 17:45:11, 21.0506591796, 21.0506591796, 20.9545440673, 21.0506591796, 21.4375000000, 21.6250000000, 21.4375000000, 21.1875000000, 22.9950008392, -216.7922668457, Fault 0x, 22.3527507781
2026-07-23 17:45:12, 21.0506591796, 20.9545440673, 20.9545440673, 21.0506591796, 21.4375000000, 21.6250000000, 21.4375000000, 21.1875000000, 22.9950008392, -216.7025756835, Fault 0x, 22.3527507781
2026-07-23 17:45:14, 21.0506591796, 20.9545440673, 20.9545440673, 21.0506591796, 21.4375000000, 21.6250000000, 21.5000000000, 21.1875000000, 23.0288658142, -216.6128387451, Fault 0x, 22.3527507781
2026-07-23 17:45:16, 21.0506591796, 21.0506591796, 20.9545440673, 21.0506591796, 21.4375000000, 21.6250000000, 21.4375000000, 21.1875000000, 22.9950008392, -216.4633026123, Fault 0x, 22.3527507781
2026-07-23 17:45:18, 21.0506591796, 21.0506591796, 20.9545440673, 21.0506591796, 21.3750000000, 21.5625000000, 21.4375000000, 21.1875000000, 23.0288658142, -216.4333648681, Fault 0x, 22.3866176605
2026-07-23 17:45:19, 21.0506591796, 20.9545440673, 21.0506591796, 21.0506591796, 21.4375000000, 21.6250000000, 21.4375000000, 21.1875000000, 23.0288658142, -216.3137054443, Fault 0x, 22.3527507781
2026-07-23 17:45:21, 21.0506591796, 21.0506591796, 20.9545440673, 21.0506591796, 21.3750000000, 21.6250000000, 21.4375000000, 21.1875000000, 23.0288658142, -216.2538909912, Fault 0x, 22.3527507781
2026-07-23 17:45:23, 21.0506591796, 21.0506591796, 20.9545440673, 21.0506591796, 21.3750000000, 21.6250000000, 21.4375000000, 21.1875000000, 23.0288658142, -216.1940460205, Fault 0x, 22.3866176605
2026-07-23 17:45:25, 21.1467895507, 21.0506591796, 21.0506591796, 21.0506591796, 21.4375000000, 21.5625000000, 21.4375000000, 21.1875000000, 23.0288658142, -216.0743560791, Fault 0x, 22.3866176605
2026-07-23 17:45:27, 21.0506591796, 21.0506591796, 21.0506591796, 21.0506591796, 21.4375000000, 21.5625000000, 21.4375000000, 21.1875000000, 23.0625305175, -215.9247131347, Fault 0x, 22.3866176605
2026-07-23 17:45:28, 21.0506591796, 21.0506591796, 21.0506591796, 21.0506591796, 21.4375000000, 21.5625000000, 21.5000000000, 21.1875000000, 23.0625305175, -215.8948059082, Fault 0x, 22.3866176605
2026-07-23 17:45:30, 21.0506591796, 21.0506591796, 21.0506591796, 21.0506591796, 21.4375000000, 21.6250000000, 21.4375000000, 21.1875000000, 23.0625305175, -215.7750701904, Fault 0x, 22.3866176605
2026-07-23 17:45:32, 21.1467895507, 21.0506591796, 21.0506591796, 21.0506591796, 21.4375000000, 21.6250000000, 21.5000000000, 21.1875000000, 23.0625305175, -215.6852874755, Fault 0x, 22.3866176605
2026-07-23 17:45:34, 21.1467895507, 21.0506591796, 21.0506591796, 21.0506591796, 21.4375000000, 21.6250000000, 21.5000000000, 21.1875000000, 23.0625305175, -215.5954742431, Fault 0x, 22.3866176605
2026-07-23 17:45:35, 21.1467895507, 21.0506591796, 21.0506591796, 21.0506591796, 21.4375000000, 21.6250000000, 21.5000000000, 21.1875000000, 23.0288658142, -215.5056610107, Fault 0x, 22.4204826354
2026-07-23 17:45:37, 21.1467895507, 21.0506591796, 21.0506591796, 21.0506591796, 21.4375000000, 21.6250000000, 21.5000000000, 21.1875000000, 23.0625305175, -215.3559570312, Fault 0x, 22.4204826354
2026-07-23 17:45:39, 21.1467895507, 21.0506591796, 21.0506591796, 21.0506591796, 21.4375000000, 21.6250000000, 21.4375000000, 21.1875000000, 23.0625305175, -215.3260040283, Fault 0x, 22.3866176605
2026-07-23 17:45:41, 21.1467895507, 21.0506591796, 21.0506591796, 21.0506591796, 21.4375000000, 21.6250000000, 21.5000000000, 21.1875000000, 23.0625305175, -215.2960662841, Fault 0x, 22.4204826354
2026-07-23 17:45:43, 21.1467895507, 21.0506591796, 21.0506591796, 21.0506591796, 21.4375000000, 21.6250000000, 21.5000000000, 21.1875000000, 23.0963973999, -215.2661285400, Fault 0x, 22.4541473388
2026-07-23 17:45:44, 21.1467895507, 21.0506591796, 21.0506591796, 21.0506591796, 21.4375000000, 21.6250000000, 21.4375000000, 21.1875000000, 23.0963973999, -215.2062225341, Fault 0x, 22.4541473388
2026-07-23 17:45:46, 21.1467895507, 21.0506591796, 21.0506591796, 21.0506591796, 21.4375000000, 21.6250000000, 21.5000000000, 21.1875000000, 23.0963973999, -215.1762847900, Fault 0x, 22.4204826354
2026-07-23 17:45:48, 21.1467895507, 21.0506591796, 21.0506591796, 21.0506591796, 21.5000000000, 21.6875000000, 21.5000000000, 21.2500000000, 23.0963973999, -215.1463317871, Fault 0x, 22.4204826354
2026-07-23 17:45:50, 21.1467895507, 21.0506591796, 21.0506591796, 21.0506591796, 21.5000000000, 21.6250000000, 21.5000000000, 21.1875000000, 23.0963973999, -215.1164093017, Fault 0x, 22.4541473388
2026-07-23 17:45:51, 21.1467895507, 21.0506591796, 21.0506591796, 21.0506591796, 21.4375000000, 21.6875000000, 21.5000000000, 21.2500000000, 23.0963973999, -215.0564727783, Fault 0x, 22.4541473388
2026-07-23 17:45:53, 21.1467895507, 21.0506591796, 21.0506591796, 21.1467895507, 21.4375000000, 21.6875000000, 21.5000000000, 21.1875000000, 23.0963973999, -215.0265350341, Fault 0x, 22.4541473388
2026-07-23 17:45:55, 21.1467895507, 21.0506591796, 21.0506591796, 21.1467895507, 21.4375000000, 21.6250000000, 21.5000000000, 21.2500000000, 23.1302642822, -214.9666290283, Fault 0x, 22.4880142211
2026-07-23 17:45:57, 21.1467895507, 21.0506591796, 21.0506591796, 21.1467895507, 21.4375000000, 21.6250000000, 21.5000000000, 21.2500000000, 23.0963973999, -214.9066925048, Fault 0x, 22.4541473388
2026-07-23 17:45:59, 21.1467895507, 21.0506591796, 21.0506591796, 21.1467895507, 21.4375000000, 21.6875000000, 21.5000000000, 21.1875000000, 23.1302642822, -214.8467864990, Fault 0x, 22.4541473388
2026-07-23 17:46:00, 21.1467895507, 21.1467895507, 21.0506591796, 21.1467895507, 21.4375000000, 21.6875000000, 21.5000000000, 21.2500000000, 23.1302642822, -214.7868652343, Fault 0x, 22.4880142211
2026-07-23 17:46:02, 21.1467895507, 21.1467895507, 21.0506591796, 21.1467895507, 21.5000000000, 21.6875000000, 21.5000000000, 21.2500000000, 23.1302642822, -214.7269592285, Fault 0x, 22.4541473388
2026-07-23 17:46:04, 21.1467895507, 21.1467895507, 21.0506591796, 21.1467895507, 21.5000000000, 21.6875000000, 21.5000000000, 21.2500000000, 23.1641311645, -214.6969909667, Fault 0x, 22.4880142211
2026-07-23 17:46:06, 21.2429199218, 21.1467895507, 21.0506591796, 21.1467895507, 21.5000000000, 21.6875000000, 21.5000000000, 21.2500000000, 23.1302642822, -214.6370544433, Fault 0x, 22.4541473388
2026-07-23 17:46:07, 21.1467895507, 21.1467895507, 21.1467895507, 21.1467895507, 21.5000000000, 21.6250000000, 21.5000000000, 21.2500000000, 23.1302642822, -214.5771484375, Fault 0x, 22.4880142211
2026-07-23 17:46:09, 21.1467895507, 21.1467895507, 21.1467895507, 21.1467895507, 21.5000000000, 21.6875000000, 21.5000000000, 21.2500000000, 23.1302642822, -214.4872436523, Fault 0x, 22.4880142211
2026-07-23 17:46:11, 21.1467895507, 21.1467895507, 21.0506591796, 21.1467895507, 21.5000000000, 21.6875000000, 21.5625000000, 21.2500000000, 23.1641311645, -214.4572753906, Fault 0x, 22.5218811035
2026-07-23 17:46:13, 21.1467895507, 21.1467895507, 21.0506591796, 21.1467895507, 21.5000000000, 21.6875000000, 21.5000000000, 21.2500000000, 23.1302642822, -214.3673858642, Fault 0x, 22.4880142211
2026-07-23 17:46:15, 21.2429199218, 21.1467895507, 21.1467895507, 21.1467895507, 21.5000000000, 21.7500000000, 21.5625000000, 21.2500000000, 23.1641311645, -214.2774658203, Fault 0x, 22.5218811035
2026-07-23 17:46:16, 21.1467895507, 21.1467895507, 21.1467895507, 21.1467895507, 21.5000000000, 21.6875000000, 21.5625000000, 21.2500000000, 23.1302642822, -214.2175292968, Fault 0x, 22.5218811035
2026-07-23 17:46:18, 21.2429199218, 21.1467895507, 21.1467895507, 21.1467895507, 21.5000000000, 21.6875000000, 21.5000000000, 21.2500000000, 23.1302642822, -214.0975952148, Fault 0x, 22.5218811035
2026-07-23 17:46:20, 21.2429199218, 21.1467895507, 21.1467895507, 21.1467895507, 21.5000000000, 21.6875000000, 21.5625000000, 21.2500000000, 23.1302642822, -214.0076599121, Fault 0x, 22.5218811035
2026-07-23 17:46:22, 21.2429199218, 21.1467895507, 21.1467895507, 21.1467895507, 21.5000000000, 21.7500000000, 21.5000000000, 21.2500000000, 23.1641311645, -213.9177246093, Fault 0x, 22.5218811035
2026-07-23 17:46:23, 21.2429199218, 21.1467895507, 21.1467895507, 21.1467895507, 21.5000000000, 21.6875000000, 21.5000000000, 21.2500000000, 23.1302642822, -213.8577575683, Fault 0x, 22.4880142211
2026-07-23 17:46:25, 21.2429199218, 21.1467895507, 21.1467895507, 21.1467895507, 21.5000000000, 21.6875000000, 21.5000000000, 21.2500000000, 23.1302642822, -213.7078247070, Fault 0x, 22.5218811035
2026-07-23 17:46:27, 21.2429199218, 21.1467895507, 21.1467895507, 21.1467895507, 21.4375000000, 21.6875000000, 21.5000000000, 21.2500000000, 23.1302642822, -213.6178588867, Fault 0x, 22.4880142211
2026-07-23 17:46:29, 21.2429199218, 21.1467895507, 21.1467895507, 21.1467895507, 21.5000000000, 21.6875000000, 21.5000000000, 21.2500000000, 23.1302642822, -213.4978790283, Fault 0x, 22.5218811035
2026-07-23 17:46:31, 21.2429199218, 21.1467895507, 21.1467895507, 21.1467895507, 21.5000000000, 21.6875000000, 21.5625000000, 21.2500000000, 23.1302642822, -213.3479003906, Fault 0x, 22.5218811035
2026-07-23 17:46:32, 21.2429199218, 21.1467895507, 21.1467895507, 21.1467895507, 21.5000000000, 21.6875000000, 21.5000000000, 21.3125000000, 23.1302642822, -213.1379089355, Fault 0x, 22.5218811035
2026-07-23 17:46:34, 21.2429199218, 21.1467895507, 21.1467895507, 21.1467895507, 21.5000000000, 21.6875000000, 21.5625000000, 21.2500000000, 23.1641311645, -213.0178833007, Fault 0x, 22.5218811035
2026-07-23 17:46:36, 21.2429199218, 21.1467895507, 21.1467895507, 21.1467895507, 21.5000000000, 21.6875000000, 21.5000000000, 21.3125000000, 23.1641311645, -212.9878845214, Fault 0x, 22.5555458068
2026-07-23 17:46:38, 21.2429199218, 21.1467895507, 21.1467895507, 21.1467895507, 21.5000000000, 21.6875000000, 21.5625000000, 21.2500000000, 23.1302642822, -212.9878845214, Fault 0x, 22.5218811035
2026-07-23 17:46:39, 21.2429199218, 21.1467895507, 21.1467895507, 21.1467895507, 21.5000000000, 21.6875000000, 21.6250000000, 21.2500000000, 23.1641311645, -213.0178833007, Fault 0x, 22.5555458068
2026-07-23 17:46:41, 21.2429199218, 21.1467895507, 21.1467895507, 21.1467895507, 21.5000000000, 21.6875000000, 21.5625000000, 21.3125000000, 23.1641311645, -213.0478973388, Fault 0x, 22.5555458068
2026-07-23 17:46:43, 21.2429199218, 21.1467895507, 21.1467895507, 21.1467895507, 21.5000000000, 21.7500000000, 21.5625000000, 21.2500000000, 23.1641311645, -213.0178833007, Fault 0x, 22.5555458068
2026-07-23 17:46:45, 21.2429199218, 21.2429199218, 21.1467895507, 21.2429199218, 21.5000000000, 21.7500000000, 21.5625000000, 21.3125000000, 23.1641311645, -212.9578552246, Fault 0x, 22.5555458068
2026-07-23 17:46:47, 21.2429199218, 21.2429199218, 21.1467895507, 21.2429199218, 21.5000000000, 21.7500000000, 21.5625000000, 21.3125000000, 23.1979961395, -212.9578552246, Fault 0x, 22.5555458068
2026-07-23 17:46:48, 21.2429199218, 21.2429199218, 21.2429199218, 21.2429199218, 21.5625000000, 21.6875000000, 21.5625000000, 21.3125000000, 23.1979961395, -212.8978271484, Fault 0x, 22.5894107818
2026-07-23 17:46:50, 21.2429199218, 21.2429199218, 21.1467895507, 21.2429199218, 21.5000000000, 21.7500000000, 21.5625000000, 21.3750000000, 23.1979961395, -212.8678283691, Fault 0x, 22.5894107818
2026-07-23 17:46:52, 21.2429199218, 21.2429199218, 21.2429199218, 21.2429199218, 21.5000000000, 21.7500000000, 21.5625000000, 21.3125000000, 23.2316608428, -212.8378143310, Fault 0x, 22.5894107818
2026-07-23 17:46:54, 21.2429199218, 21.2429199218, 21.2429199218, 21.2429199218, 21.5000000000, 21.7500000000, 21.5625000000, 21.3750000000, 23.1979961395, -212.8378143310, Fault 0x, 22.5894107818
2026-07-23 17:46:55, 21.2429199218, 21.2429199218, 21.2429199218, 21.2429199218, 21.5625000000, 21.7500000000, 21.6250000000, 21.3125000000, 23.1979961395, -212.7477569580, Fault 0x, 22.5894107818
2026-07-23 17:46:57, 21.3390960693, 21.2429199218, 21.2429199218, 21.2429199218, 21.5000000000, 21.7500000000, 21.6250000000, 21.3125000000, 23.2316608428, -212.6577301025, Fault 0x, 22.5894107818
2026-07-23 17:46:59, 21.3390960693, 21.2429199218, 21.2429199218, 21.2429199218, 21.5625000000, 21.8125000000, 21.6250000000, 21.3125000000, 23.1979961395, -212.6577301025, Fault 0x, 22.6232776641
2026-07-23 17:47:01, 21.3390960693, 21.2429199218, 21.2429199218, 21.2429199218, 21.5000000000, 21.7500000000, 21.6250000000, 21.3750000000, 23.2316608428, -212.5976715087, Fault 0x, 22.6232776641
2026-07-23 17:47:02, 21.3390960693, 21.2429199218, 21.2429199218, 21.2429199218, 21.5625000000, 21.7500000000, 21.5625000000, 21.3750000000, 23.2316608428, -212.5676727294, Fault 0x, 22.6232776641
2026-07-23 17:47:04, 21.3390960693, 21.2429199218, 21.2429199218, 21.2429199218, 21.5625000000, 21.8125000000, 21.6250000000, 21.3750000000, 23.2316608428, -212.5376586914, Fault 0x, 22.6232776641
2026-07-23 17:47:06, 21.3390960693, 21.2429199218, 21.2429199218, 21.2429199218, 21.5625000000, 21.8125000000, 21.6875000000, 21.3750000000, 23.2316608428, -212.5376586914, Fault 0x, 22.6232776641
2026-07-23 17:47:08, 21.3390960693, 21.2429199218, 21.2429199218, 21.2429199218, 21.5625000000, 21.8125000000, 21.6875000000, 21.3750000000, 23.2655277252, -212.5376586914, Fault 0x, 22.6569423675
2026-07-23 17:47:10, 21.3390960693, 21.2429199218, 21.2429199218, 21.2429199218, 21.5625000000, 21.7500000000, 21.6875000000, 21.3750000000, 23.2655277252, -212.5076293945, Fault 0x, 22.6232776641
2026-07-23 17:47:11, 21.3390960693, 21.2429199218, 21.2429199218, 21.2429199218, 21.5625000000, 21.8125000000, 21.6875000000, 21.3750000000, 23.2655277252, -212.5076293945, Fault 0x, 22.6569423675
2026-07-23 17:47:13, 21.3390960693, 21.2429199218, 21.2429199218, 21.2429199218, 21.5625000000, 21.8125000000, 21.6250000000, 21.3750000000, 23.2655277252, -212.5076293945, Fault 0x, 22.6569423675
2026-07-23 17:47:15, 21.3390960693, 21.2429199218, 21.2429199218, 21.2429199218, 21.5625000000, 21.8125000000, 21.6250000000, 21.3750000000, 23.2316608428, -212.4776000976, Fault 0x, 22.6569423675
2026-07-23 17:47:17, 21.3390960693, 21.2429199218, 21.2429199218, 21.2429199218, 21.5625000000, 21.8125000000, 21.6875000000, 21.3750000000, 23.2655277252, -212.5076293945, Fault 0x, 22.6569423675
2026-07-23 17:47:18, 21.3390960693, 21.2429199218, 21.2429199218, 21.2429199218, 21.6250000000, 21.8125000000, 21.6250000000, 21.4375000000, 23.2655277252, -212.4776000976, Fault 0x, 22.6908092498
2026-07-23 17:47:20, 21.3390960693, 21.2429199218, 21.2429199218, 21.3390960693, 21.6250000000, 21.8125000000, 21.6875000000, 21.4375000000, 23.2655277252, -212.4776000976, Fault 0x, 22.6569423675
2026-07-23 17:47:22, 21.3390960693, 21.3390960693, 21.3390960693, 21.2429199218, 21.5625000000, 21.8125000000, 21.6875000000, 21.3750000000, 23.2655277252, -212.4475860595, Fault 0x, 22.6908092498
2026-07-23 17:47:24, 21.3390960693, 21.3390960693, 21.3390960693, 21.3390960693, 21.6250000000, 21.8125000000, 21.6875000000, 21.3750000000, 23.2655277252, -212.4475860595, Fault 0x, 22.6908092498
2026-07-23 17:47:26, 21.3390960693, 21.3390960693, 21.3390960693, 21.2429199218, 21.5625000000, 21.8125000000, 21.6250000000, 21.3750000000, 23.2655277252, -212.4475860595, Fault 0x, 22.6908092498
2026-07-23 17:47:27, 21.4353332519, 21.3390960693, 21.3390960693, 21.3390960693, 21.5625000000, 21.8125000000, 21.6250000000, 21.4375000000, 23.2655277252, -212.4175720214, Fault 0x, 22.6908092498
2026-07-23 17:47:29, 21.3390960693, 21.3390960693, 21.3390960693, 21.3390960693, 21.6250000000, 21.8125000000, 21.6250000000, 21.3750000000, 23.2993946075, -212.4475860595, Fault 0x, 22.6908092498
2026-07-23 17:47:31, 21.4353332519, 21.3390960693, 21.3390960693, 21.3390960693, 21.5625000000, 21.8125000000, 21.6875000000, 21.3750000000, 23.2993946075, -212.4475860595, Fault 0x, 22.7246742248
2026-07-23 17:47:33, 21.4353332519, 21.3390960693, 21.3390960693, 21.3390960693, 21.5625000000, 21.8125000000, 21.6875000000, 21.4375000000, 23.2993946075, -212.4175720214, Fault 0x, 22.6908092498
2026-07-23 17:47:34, 21.3390960693, 21.3390960693, 21.3390960693, 21.3390960693, 21.6250000000, 21.8125000000, 21.6250000000, 21.4375000000, 23.2993946075, -212.4175720214, Fault 0x, 22.7246742248
2026-07-23 17:47:36, 21.4353332519, 21.3390960693, 21.3390960693, 21.3390960693, 21.5625000000, 21.8125000000, 21.6875000000, 21.3750000000, 23.2993946075, -212.3875579833, Fault 0x, 22.7246742248
2026-07-23 17:47:38, 21.3390960693, 21.3390960693, 21.3390960693, 21.3390960693, 21.6250000000, 21.8125000000, 21.6250000000, 21.4375000000, 23.2993946075, -212.3875579833, Fault 0x, 22.6908092498
2026-07-23 17:47:40, 21.4353332519, 21.3390960693, 21.2429199218, 21.3390960693, 21.6250000000, 21.8125000000, 21.6250000000, 21.4375000000, 23.3330593109, -212.3875579833, Fault 0x, 22.6908092498
2026-07-23 17:47:42, 21.4353332519, 21.3390960693, 21.3390960693, 21.3390960693, 21.5625000000, 21.8125000000, 21.6875000000, 21.4375000000, 23.2993946075, -212.3575134277, Fault 0x, 22.7246742248
2026-07-23 17:47:43, 21.4353332519, 21.3390960693, 21.3390960693, 21.3390960693, 21.6250000000, 21.8125000000, 21.6875000000, 21.4375000000, 23.2993946075, -212.3274841308, Fault 0x, 22.6908092498
2026-07-23 17:47:45, 21.4353332519, 21.3390960693, 21.3390960693, 21.3390960693, 21.6250000000, 21.8125000000, 21.6875000000, 21.4375000000, 23.3330593109, -212.2974548339, Fault 0x, 22.6908092498
2026-07-23 17:47:47, 21.4353332519, 21.3390960693, 21.3390960693, 21.3390960693, 21.6250000000, 21.8750000000, 21.6875000000, 21.4375000000, 23.3330593109, -212.2974548339, Fault 0x, 22.7246742248
2026-07-23 17:47:49, 21.4353332519, 21.3390960693, 21.3390960693, 21.3390960693, 21.6250000000, 21.8125000000, 21.7500000000, 21.4375000000, 23.3330593109, -212.2674407958, Fault 0x, 22.7246742248
2026-07-23 17:47:50, 21.4353332519, 21.3390960693, 21.3390960693, 21.3390960693, 21.5625000000, 21.8750000000, 21.7500000000, 21.4375000000, 23.3330593109, -212.2374267578, Fault 0x, 22.7246742248
2026-07-23 17:47:52, 21.4353332519, 21.3390960693, 21.3390960693, 21.3390960693, 21.6250000000, 21.8125000000, 21.7500000000, 21.4375000000, 23.3330593109, -212.2073822021, Fault 0x, 22.7246742248
2026-07-23 17:47:54, 21.4353332519, 21.3390960693, 21.3390960693, 21.3390960693, 21.6250000000, 21.8125000000, 21.6875000000, 21.4375000000, 23.3330593109, -212.2073822021, Fault 0x, 22.7246742248
2026-07-23 17:47:56, 21.4353332519, 21.3390960693, 21.3390960693, 21.3390960693, 21.6250000000, 21.8750000000, 21.7500000000, 21.4375000000, 23.3669242858, -212.1773529052, Fault 0x, 22.7583389282
2026-07-23 17:47:58, 21.4353332519, 21.3390960693, 21.3390960693, 21.3390960693, 21.6250000000, 21.8750000000, 21.7500000000, 21.4375000000, 23.3330593109, -212.1172943115, Fault 0x, 22.7583389282
2026-07-23 17:47:59, 21.4353332519, 21.3390960693, 21.3390960693, 21.3390960693, 21.6250000000, 21.8750000000, 21.7500000000, 21.4375000000, 23.3669242858, -212.0872650146, Fault 0x, 22.7246742248
2026-07-23 17:48:01, 21.4353332519, 21.3390960693, 21.3390960693, 21.3390960693, 21.6250000000, 21.8750000000, 21.7500000000, 21.4375000000, 23.3330593109, -212.0572204589, Fault 0x, 22.7583389282
2026-07-23 17:48:03, 21.4353332519, 21.3390960693, 21.3390960693, 21.3390960693, 21.6875000000, 21.8750000000, 21.7500000000, 21.5000000000, 23.3330593109, -212.0872650146, Fault 0x, 22.7583389282
2026-07-23 17:48:05, 21.4353332519, 21.3390960693, 21.3390960693, 21.3390960693, 21.6250000000, 21.8125000000, 21.7500000000, 21.4375000000, 23.3669242858, -211.9971466064, Fault 0x, 22.7246742248
2026-07-23 17:48:06, 21.4353332519, 21.3390960693, 21.3390960693, 21.3390960693, 21.6250000000, 21.8750000000, 21.7500000000, 21.5000000000, 23.3669242858, -211.9971466064, Fault 0x, 22.7583389282
2026-07-23 17:48:08, 21.4353332519, 21.3390960693, 21.3390960693, 21.3390960693, 21.6250000000, 21.8125000000, 21.7500000000, 21.4375000000, 23.3669242858, -211.9070587158, Fault 0x, 22.7246742248
2026-07-23 17:48:10, 21.4353332519, 21.3390960693, 21.4353332519, 21.3390960693, 21.6250000000, 21.9375000000, 21.7500000000, 21.4375000000, 23.3669242858, -211.8469696044, Fault 0x, 22.7922058105
2026-07-23 17:48:12, 21.4353332519, 21.3390960693, 21.4353332519, 21.4353332519, 21.6250000000, 21.8750000000, 21.7500000000, 21.4375000000, 23.3669242858, -211.7568664550, Fault 0x, 22.7583389282
2026-07-23 17:48:14, 21.4353332519, 21.3390960693, 21.4353332519, 21.3390960693, 21.6250000000, 21.8750000000, 21.7500000000, 21.4375000000, 23.4007911682, -211.7268066406, Fault 0x, 22.7583389282
2026-07-23 17:48:15, 21.4353332519, 21.3390960693, 21.4353332519, 21.4353332519, 21.6250000000, 21.8750000000, 21.7500000000, 21.4375000000, 23.3669242858, -211.6667327880, Fault 0x, 22.7583389282
2026-07-23 17:48:17, 21.4353332519, 21.3390960693, 21.4353332519, 21.3390960693, 21.6250000000, 21.8750000000, 21.7500000000, 21.4375000000, 23.3669242858, -211.5765838623, Fault 0x, 22.7922058105
2026-07-23 17:48:19, 21.4353332519, 21.3390960693, 21.4353332519, 21.3390960693, 21.6250000000, 21.8750000000, 21.7500000000, 21.5000000000, 23.3669242858, -211.4864349365, Fault 0x, 22.7922058105
2026-07-23 17:48:21, 21.4353332519, 21.3390960693, 21.4353332519, 21.4353332519, 21.6250000000, 21.8125000000, 21.7500000000, 21.5000000000, 23.3669242858, -211.3962860107, Fault 0x, 22.7922058105
2026-07-23 17:48:22, 21.4353332519, 21.3390960693, 21.4353332519, 21.4353332519, 21.6250000000, 21.8750000000, 21.7500000000, 21.5000000000, 23.3669242858, -211.1858978271, Fault 0x, 22.7583389282
2026-07-23 17:48:24, 21.5315093994, 21.4353332519, 21.4353332519, 21.4353332519, 21.6250000000, 21.8750000000, 21.7500000000, 21.5000000000, 23.4007911682, -210.9454193115, Fault 0x, 22.7922058105
2026-07-23 17:48:26, 21.4353332519, 21.3390960693, 21.4353332519, 21.4353332519, 21.6250000000, 21.8750000000, 21.7500000000, 21.5000000000, 23.4007911682, -210.7048797607, Fault 0x, 22.7583389282
2026-07-23 17:48:28, 21.4353332519, 21.4353332519, 21.4353332519, 21.4353332519, 21.6250000000, 21.8750000000, 21.7500000000, 21.5000000000, 23.4007911682, -210.0431518554, Fault 0x, 22.7922058105
2026-07-23 17:48:30, 21.4353332519, 21.4353332519, 21.4353332519, 21.4353332519, 21.6250000000, 21.8125000000, 21.7500000000, 21.5000000000, 23.3669242858, -209.6218566894, Fault 0x, 22.7583389282
2026-07-23 17:48:31, 21.5315093994, 21.4353332519, 21.4353332519, 21.4353332519, 21.6250000000, 21.8750000000, 21.7500000000, 21.5000000000, 23.4007911682, -209.0196838378, Fault 0x, 22.7922058105
2026-07-23 17:48:33, 21.5315093994, 21.4353332519, 21.4353332519, 21.4353332519, 21.6250000000, 21.8750000000, 21.7500000000, 21.5000000000, 23.4346580505, -207.8144378662, Fault 0x, 22.7922058105
2026-07-23 17:48:35, 21.5315093994, 21.4353332519, 21.4353332519, 21.4353332519, 21.6875000000, 21.8750000000, 21.7500000000, 21.5000000000, 23.4007911682, -206.3060455322, Fault 0x, 22.7922058105
2026-07-23 17:48:37, 21.5315093994, 21.4353332519, 21.4353332519, 21.4353332519, 21.6875000000, 21.9375000000, 21.7500000000, 21.5000000000, 23.4346580505, -206.2456817626, Fault 0x, 22.7922058105
2026-07-23 17:48:38, 21.5315093994, 21.4353332519, 21.4353332519, 21.4353332519, 21.6250000000, 21.9375000000, 21.8125000000, 21.5000000000, 23.4007911682, -206.1551055908, Fault 0x, 22.7922058105
2026-07-23 17:48:40, 21.5315093994, 21.4353332519, 21.4353332519, 21.4353332519, 21.6250000000, 21.8750000000, 21.8125000000, 21.5000000000, 23.4007911682, -205.9739532470, Fault 0x, 22.7922058105
2026-07-23 17:48:42, 21.5315093994, 21.4353332519, 21.4353332519, 21.4353332519, 21.6875000000, 21.9375000000, 21.8125000000, 21.5000000000, 23.4007911682, -205.7625579833, Fault 0x, 22.8260726928
2026-07-23 17:48:44, 21.5315093994, 21.4353332519, 21.4353332519, 21.4353332519, 21.6875000000, 21.8750000000, 21.8125000000, 21.5000000000, 23.4346580505, -205.7021331787, Fault 0x, 22.8260726928
2026-07-23 17:48:46, 21.5315093994, 21.4353332519, 21.4353332519, 21.4353332519, 21.6875000000, 21.8750000000, 21.8125000000, 21.5000000000, 23.4007911682, -205.4604949951, Fault 0x, 22.8260726928
2026-07-23 17:48:47, 21.5315093994, 21.4353332519, 21.4353332519, 21.4353332519, 21.6875000000, 21.9375000000, 21.8125000000, 21.5625000000, 23.4346580505, -205.2490081787, Fault 0x, 22.8260726928
2026-07-23 17:48:49, 21.5315093994, 21.4353332519, 21.4353332519, 21.4353332519, 21.6875000000, 22.0000000000, 21.8125000000, 21.5625000000, 23.4346580505, -205.0979156494, Fault 0x, 22.8599376678
2026-07-23 17:48:51, 21.5315093994, 21.4353332519, 21.5315093994, 21.4353332519, 21.6875000000, 21.9375000000, 21.8125000000, 21.5625000000, 23.4346580505, -204.7956848144, Fault 0x, 22.8599376678
2026-07-23 17:48:53, 21.5315093994, 21.4353332519, 21.5315093994, 21.4353332519, 21.6875000000, 21.9375000000, 21.8125000000, 21.5625000000, 23.4683227539, -204.5236053466, Fault 0x, 22.8599376678
2026-07-23 17:48:54, 21.5315093994, 21.4353332519, 21.5315093994, 21.4353332519, 21.6875000000, 21.9375000000, 21.8750000000, 21.5625000000, 23.4683227539, -204.3724212646, Fault 0x, 22.8936023712
2026-07-23 17:48:56, 21.6277770996, 21.4353332519, 21.5315093994, 21.4353332519, 21.6875000000, 21.9375000000, 21.8125000000, 21.5625000000, 23.4683227539, -204.1304931640, Fault 0x, 22.8936023712
2026-07-23 17:48:58, 21.6277770996, 21.5315093994, 21.5315093994, 21.4353332519, 21.6875000000, 21.9375000000, 21.8125000000, 21.5625000000, 23.4683227539, -203.8279724121, Fault 0x, 22.8936023712
2026-07-23 17:49:00, 21.6277770996, 21.4353332519, 21.5315093994, 21.5315093994, 21.7500000000, 21.9375000000, 21.8750000000, 21.5625000000, 23.4683227539, -203.5254211425, Fault 0x, 22.8936023712
2026-07-23 17:49:02, 21.6277770996, 21.5315093994, 21.5315093994, 21.5315093994, 21.6875000000, 21.9375000000, 21.8750000000, 21.5625000000, 23.4683227539, -203.3135528564, Fault 0x, 22.8936023712
2026-07-23 17:49:03, 21.6277770996, 21.5315093994, 21.5315093994, 21.4353332519, 21.7500000000, 22.0000000000, 21.8750000000, 21.5625000000, 23.5021877288, -202.9806213378, Fault 0x, 22.9274692535
2026-07-23 17:49:05, 21.6277770996, 21.5315093994, 21.5315093994, 21.4353332519, 21.7500000000, 21.9375000000, 21.8750000000, 21.5625000000, 23.5021877288, -202.6778106689, Fault 0x, 22.9274692535
2026-07-23 17:49:07, 21.6277770996, 21.5315093994, 21.5315093994, 21.5315093994, 21.7500000000, 22.0000000000, 21.8750000000, 21.6250000000, 23.5021877288, -202.2234802246, Fault 0x, 22.9274692535
2026-07-23 17:49:09, 21.6277770996, 21.5315093994, 21.5315093994, 21.5315093994, 21.7500000000, 22.0000000000, 21.9375000000, 21.5625000000, 23.4683227539, -201.7689514160, Fault 0x, 22.9274692535
2026-07-23 17:49:10, 21.6277770996, 21.5315093994, 21.5315093994, 21.5315093994, 21.7500000000, 21.9375000000, 21.8750000000, 21.6250000000, 23.5021877288, -201.5264892578, Fault 0x, 22.9274692535
2026-07-23 17:49:12, 21.6277770996, 21.5315093994, 21.5315093994, 21.5315093994, 21.7500000000, 22.0000000000, 21.9375000000, 21.6250000000, 23.5021877288, -201.1930084228, Fault 0x, 22.9613361358
2026-07-23 17:49:14, 21.6277770996, 21.5315093994, 21.5315093994, 21.5315093994, 21.7500000000, 22.0000000000, 21.8750000000, 21.5625000000, 23.5021877288, -200.8594055175, Fault 0x, 22.9274692535
2026-07-23 17:49:16, 21.6277770996, 21.5315093994, 21.5315093994, 21.5315093994, 21.7500000000, 22.0000000000, 21.8750000000, 21.5625000000, 23.5021877288, -199.7366790771, Fault 0x, 22.9274692535
2026-07-23 17:49:17, 21.6277770996, 21.5315093994, 21.5315093994, 21.5315093994, 21.7500000000, 21.9375000000, 21.8750000000, 21.6250000000, 23.5021877288, -199.4633941650, Fault 0x, 22.9274692535
2026-07-23 17:49:19, 21.6277770996, 21.5315093994, 21.5315093994, 21.5315093994, 21.7500000000, 22.0000000000, 21.9375000000, 21.6250000000, 23.5021877288, -199.2508087158, Fault 0x, 22.9613361358
2026-07-23 17:49:21, 21.6277770996, 21.5315093994, 21.5315093994, 21.5315093994, 21.7500000000, 21.9375000000, 21.9375000000, 21.6250000000, 23.5021877288, -199.1293334960, Fault 0x, 22.9613361358
2026-07-23 17:49:23, 21.6277770996, 21.5315093994, 21.5315093994, 21.5315093994, 21.7500000000, 21.9375000000, 21.8750000000, 21.6250000000, 23.5021877288, -198.8862915039, Fault 0x, 22.9613361358
2026-07-23 17:49:25, 21.6277770996, 21.5315093994, 21.6277770996, 21.5315093994, 21.7500000000, 21.9375000000, 21.8750000000, 21.5625000000, 23.5021877288, -198.5520629882, Fault 0x, 22.9613361358
2026-07-23 17:49:26, 21.6277770996, 21.5315093994, 21.5315093994, 21.5315093994, 21.7500000000, 22.0000000000, 21.8750000000, 21.6250000000, 23.5021877288, -198.2481231689, Fault 0x, 22.9274692535
2026-07-23 17:49:28, 21.6277770996, 21.5315093994, 21.6277770996, 21.5315093994, 21.7500000000, 21.9375000000, 21.9375000000, 21.6250000000, 23.5021877288, -197.9745178222, Fault 0x, 22.9274692535
2026-07-23 17:49:30, 21.6277770996, 21.5315093994, 21.6277770996, 21.5315093994, 21.7500000000, 22.0000000000, 21.9375000000, 21.6250000000, 23.5021877288, -197.5487823486, Fault 0x, 22.9613361358
2026-07-23 17:49:32, 21.6277770996, 21.5315093994, 21.6277770996, 21.5315093994, 21.7500000000, 22.0000000000, 21.8750000000, 21.6250000000, 23.5021877288, -196.7881774902, Fault 0x, 22.9613361358
2026-07-23 17:49:33, 21.6277770996, 21.5315093994, 21.6277770996, 21.5315093994, 21.7500000000, 22.0000000000, 21.9375000000, 21.6250000000, 23.5021877288, -196.4228973388, Fault 0x, 22.9613361358
2026-07-23 17:49:35, 21.6277770996, 21.5315093994, 21.6277770996, 21.5315093994, 21.7500000000, 22.0000000000, 21.8750000000, 21.6250000000, 23.5360546112, -196.0575103759, Fault 0x, 22.9613361358
2026-07-23 17:49:37, 21.6277770996, 21.5315093994, 21.6277770996, 21.5315093994, 21.8125000000, 22.0000000000, 21.9375000000, 21.6250000000, 23.5360546112, -195.0216522216, Fault 0x, 22.9613361358
2026-07-23 17:49:39, 21.6277770996, 21.5315093994, 21.6277770996, 21.5315093994, 21.8125000000, 22.0000000000, 21.9375000000, 21.6250000000, 23.5360546112, -194.7168426513, Fault 0x, 22.9613361358
2026-07-23 17:49:41, 21.7240447998, 21.5315093994, 21.6277770996, 21.5315093994, 21.7500000000, 22.0000000000, 21.9375000000, 21.6875000000, 23.5360546112, -194.2594451904, Fault 0x, 22.9613361358
2026-07-23 17:49:42, 21.6277770996, 21.5315093994, 21.6277770996, 21.5315093994, 21.8125000000, 22.0000000000, 21.9375000000, 21.6875000000, 23.5360546112, -193.6493377685, Fault 0x, 22.9613361358
2026-07-23 17:49:44, 21.7240447998, 21.5315093994, 21.6277770996, 21.5315093994, 21.7500000000, 22.0000000000, 21.9375000000, 21.6875000000, 23.5360546112, -192.9778594970, Fault 0x, 22.9613361358
2026-07-23 17:49:46, 21.7240447998, 21.5315093994, 21.6277770996, 21.5315093994, 21.7500000000, 22.0000000000, 21.9375000000, 21.6875000000, 23.5697193145, -192.3365631103, Fault 0x, 22.9950008392
2026-07-23 17:49:48, 21.7240447998, 21.6277770996, 21.6277770996, 21.5315093994, 21.7500000000, 22.0000000000, 21.9375000000, 21.6875000000, 23.5360546112, -191.6337890625, Fault 0x, 22.9613361358
2026-07-23 17:49:49, 21.7240447998, 21.6277770996, 21.6277770996, 21.5315093994, 21.7500000000, 22.0000000000, 21.8750000000, 21.6875000000, 23.5360546112, -190.5635833740, Fault 0x, 22.9613361358
2026-07-23 17:49:51, 21.7240447998, 21.6277770996, 21.6277770996, 21.5315093994, 21.7500000000, 22.0000000000, 21.9375000000, 21.6875000000, 23.5360546112, -189.9516448974, Fault 0x, 22.9613361358
2026-07-23 17:49:53, 21.7240447998, 21.6277770996, 21.6277770996, 21.5315093994, 21.8125000000, 22.0000000000, 22.0000000000, 21.6875000000, 23.5360546112, -189.1862640380, Fault 0x, 22.9950008392
2026-07-23 17:49:55, 21.7240447998, 21.6277770996, 21.6277770996, 21.5315093994, 21.8125000000, 22.0625000000, 22.0000000000, 21.6875000000, 23.5697193145, -188.1752624511, Fault 0x, 22.9950008392
2026-07-23 17:49:57, 21.7240447998, 21.6277770996, 21.6277770996, 21.5315093994, 21.8125000000, 22.0625000000, 22.0000000000, 21.6875000000, 23.5697193145, -186.6418914794, Fault 0x, 23.0288658142
2026-07-23 17:49:58, 21.7240447998, 21.6277770996, 21.6277770996, 21.5315093994, 21.8125000000, 22.0625000000, 21.9375000000, 21.6875000000, 23.5697193145, -184.0001831054, Fault 0x, 23.0288658142
2026-07-23 17:50:00, 21.7240447998, 21.6277770996, 21.6277770996, 21.6277770996, 21.8125000000, 22.0625000000, 21.9375000000, 21.6875000000, 23.5697193145, -183.0773468017, Fault 0x, 22.9950008392
2026-07-23 17:50:02, 21.7240447998, 21.6277770996, 21.6277770996, 21.6277770996, 21.8125000000, 22.0000000000, 21.9375000000, 21.6875000000, 23.5697193145, -181.0140075683, Fault 0x, 23.0288658142
2026-07-23 17:50:04, 21.7240447998, 21.6277770996, 21.6277770996, 21.6277770996, 21.8750000000, 22.0625000000, 22.0000000000, 21.6875000000, 23.5697193145, -179.2869262695, Fault 0x, 22.9950008392
2026-07-23 17:50:05, 21.7240447998, 21.6277770996, 21.7240447998, 21.6277770996, 21.8125000000, 22.0625000000, 22.0000000000, 21.6875000000, 23.5697193145, -173.5034179687, Fault 0x, 22.9950008392
2026-07-23 17:50:07, 21.7240447998, 21.6277770996, 21.7240447998, 21.6277770996, 21.8125000000, 22.0625000000, 22.0000000000, 21.6875000000, 23.5697193145, -172.9764099121, Fault 0x, 23.0288658142
2026-07-23 17:50:09, 21.7240447998, 21.6277770996, 21.7240447998, 21.6277770996, 21.8750000000, 22.0000000000, 22.0000000000, 21.6875000000, 23.5697193145, -172.5422821044, Fault 0x, 23.0288658142
2026-07-23 17:50:11, 21.7240447998, 21.6277770996, 21.7240447998, 21.6277770996, 21.8125000000, 22.0625000000, 22.0625000000, 21.6875000000, 23.5697193145, -172.1700286865, Fault 0x, 23.0288658142
2026-07-23 17:50:13, 21.7240447998, 21.6277770996, 21.7240447998, 21.6277770996, 21.8750000000, 22.0625000000, 22.0000000000, 21.6875000000, 23.5697193145, -171.6425018310, Fault 0x, 23.0288658142
2026-07-23 17:50:14, 21.7240447998, 21.6277770996, 21.7240447998, 21.6277770996, 21.8750000000, 22.0625000000, 22.0000000000, 21.7500000000, 23.5697193145, -171.1458282470, Fault 0x, 23.0288658142
2026-07-23 17:50:16, 21.7240447998, 21.6277770996, 21.7240447998, 21.6277770996, 21.8750000000, 22.0625000000, 22.0000000000, 21.6875000000, 23.5697193145, -170.5558013916, Fault 0x, 23.0288658142
2026-07-23 17:50:18, 21.7240447998, 21.6277770996, 21.7240447998, 21.6277770996, 21.8750000000, 22.0625000000, 22.0000000000, 21.7500000000, 23.6035861968, -170.0587463378, Fault 0x, 23.0288658142
2026-07-23 17:50:20, 21.7240447998, 21.6277770996, 21.7240447998, 21.6277770996, 21.8750000000, 22.1250000000, 22.0000000000, 21.7500000000, 23.6035861968, -169.6236724853, Fault 0x, 23.0288658142
2026-07-23 17:50:21, 21.7240447998, 21.6277770996, 21.7240447998, 21.6277770996, 21.8750000000, 22.0625000000, 22.0000000000, 21.7500000000, 23.6035861968, -169.0330047607, Fault 0x, 23.0288658142
2026-07-23 17:50:23, 21.7240447998, 21.6277770996, 21.7240447998, 21.6277770996, 21.9375000000, 22.0625000000, 22.0000000000, 21.7500000000, 23.6035861968, -168.4732055664, Fault 0x, 23.0288658142
2026-07-23 17:50:25, 21.7240447998, 21.6277770996, 21.7240447998, 21.6277770996, 21.8750000000, 22.0625000000, 21.9375000000, 21.7500000000, 23.6035861968, -167.9442749023, Fault 0x, 23.0288658142
2026-07-23 17:50:27, 21.8202972412, 21.6277770996, 21.7240447998, 21.6277770996, 21.8750000000, 22.0625000000, 22.0000000000, 21.7500000000, 23.6035861968, -167.0726928710, Fault 0x, 23.0288658142
2026-07-23 17:50:29, 21.7240447998, 21.6277770996, 21.7240447998, 21.6277770996, 21.8750000000, 22.1250000000, 22.0000000000, 21.7500000000, 23.6035861968, -166.4186401367, Fault 0x, 23.0625305175
2026-07-23 17:50:30, 21.7240447998, 21.6277770996, 21.7240447998, 21.6277770996, 21.8750000000, 22.1250000000, 22.0625000000, 21.7500000000, 23.6035861968, -165.3902435302, Fault 0x, 23.0625305175
2026-07-23 17:50:32, 21.8202972412, 21.7240447998, 21.7240447998, 21.6277770996, 21.8125000000, 22.0625000000, 22.0000000000, 21.6875000000, 23.6035861968, -164.3923187255, Fault 0x, 23.0625305175
2026-07-23 17:50:34, 21.8202972412, 21.6277770996, 21.7240447998, 21.6277770996, 21.8750000000, 22.1250000000, 22.0000000000, 21.7500000000, 23.6035861968, -163.3936767578, Fault 0x, 23.0625305175
2026-07-23 17:50:36, 21.8202972412, 21.7240447998, 21.7240447998, 21.6277770996, 21.8750000000, 22.1875000000, 22.0625000000, 21.7500000000, 23.6374511718, -162.2693939208, Fault 0x, 23.0963973999
2026-07-23 17:50:37, 21.8202972412, 21.7240447998, 21.7240447998, 21.6277770996, 21.9375000000, 22.1250000000, 22.0000000000, 21.7500000000, 23.6374511718, -161.1129913330, Fault 0x, 23.0963973999
2026-07-23 17:50:39, 21.8202972412, 21.7240447998, 21.8202972412, 21.7240447998, 21.8750000000, 22.1250000000, 22.0625000000, 21.8125000000, 23.6374511718, -159.5487976074, Fault 0x, 23.0963973999
2026-07-23 17:50:41, 21.8202972412, 21.7240447998, 21.7240447998, 21.7240447998, 21.8750000000, 22.1250000000, 22.0625000000, 21.8125000000, 23.6374511718, -156.5409545898, Fault 0x, 23.0963973999
2026-07-23 17:50:43, 21.8202972412, 21.7240447998, 21.8202972412, 21.7240447998, 21.9375000000, 22.1250000000, 22.0625000000, 21.8125000000, 23.6713180541, -152.5525665283, Fault 0x, 23.1302642822
2026-07-23 17:50:45, 21.8202972412, 21.7240447998, 21.8202972412, 21.7240447998, 21.9375000000, 22.1250000000, 22.0625000000, 21.7500000000, 23.6713180541, -140.2410125732, Fault 0x, 23.1302642822
2026-07-23 17:50:46, 21.8202972412, 21.7240447998, 21.8202972412, 21.7240447998, 21.8750000000, 22.1250000000, 22.1250000000, 21.8125000000, 23.6713180541, -95.6181793212, Fault 0x, 23.1302642822
2026-07-23 17:50:48, 21.8202972412, 21.7240447998, 21.8202972412, 21.7240447998, 21.9375000000, 22.1250000000, 22.0625000000, 21.8125000000, 23.7049827575, -118.8145523071, Fault 0x, 23.1641311645
2026-07-23 17:50:50, 21.8202972412, 21.7240447998, 21.8202972412, 21.7240447998, 21.9375000000, 22.1875000000, 22.0625000000, 21.8125000000, 23.7049827575, -93.4434585571, Fault 0x, 23.1641311645
2026-07-23 17:50:52, 21.8202972412, 21.7240447998, 21.8202972412, 21.7240447998, 21.8750000000, 22.1875000000, 22.0625000000, 21.8125000000, 23.7049827575, -86.4504623413, Fault 0x, 23.1302642822
2026-07-23 17:50:53, 21.8202972412, 21.7240447998, 21.8202972412, 21.7240447998, 21.9375000000, 22.1250000000, 22.1250000000, 21.8125000000, 23.7388496398, -82.0159683227, Fault 0x, 23.1979961395
2026-07-23 17:50:55, 21.9166259765, 21.8202972412, 21.8202972412, 21.7240447998, 21.9375000000, 22.1875000000, 22.1250000000, 21.8125000000, 23.7388496398, -82.8970260620, Fault 0x, 23.1641311645
2026-07-23 17:50:57, 21.9166259765, 21.8202972412, 21.8202972412, 21.7240447998, 22.0000000000, 22.1875000000, 22.1250000000, 21.8125000000, 23.7388496398, -84.7233276367, Fault 0x, 23.1979961395
2026-07-23 17:50:59, 21.9166259765, 21.8202972412, 21.8202972412, 21.7240447998, 22.0000000000, 22.1875000000, 22.1250000000, 21.8125000000, 23.7388496398, -65.9381790161, Fault 0x, 23.1641311645
2026-07-23 17:51:01, 21.9166259765, 21.8202972412, 21.8202972412, 21.8202972412, 22.0000000000, 22.2500000000, 22.1250000000, 21.8125000000, 23.7388496398, -61.9603385925, Fault 0x, 23.1979961395
2026-07-23 17:51:02, 21.9166259765, 21.8202972412, 21.8202972412, 21.7240447998, 22.0000000000, 22.1250000000, 22.1250000000, 21.8750000000, 23.7727146148, -48.7024002075, Fault 0x, 23.2316608428
2026-07-23 17:51:04, 21.9166259765, 21.8202972412, 21.8202972412, 21.8202972412, 22.0000000000, 22.1250000000, 22.1875000000, 21.8750000000, 23.7727146148, -26.9022617340, Fault 0x, 23.1979961395
2026-07-23 17:51:06, 21.9166259765, 21.8202972412, 21.8202972412, 21.8202972412, 21.9375000000, 22.1875000000, 22.1250000000, 21.8750000000, 23.7727146148, 23.2993946075, Fault 0x, 23.1979961395
2026-07-23 17:51:08, 21.9166259765, 21.8202972412, 21.9166259765, 21.8202972412, 22.0000000000, 22.1875000000, 22.1875000000, 21.8750000000, 23.7727146148, 23.3330593109, Fault 0x, 23.2316608428
2026-07-23 17:51:09, 21.9166259765, 21.8202972412, 21.9166259765, 21.8202972412, 22.0000000000, 22.1875000000, 22.1875000000, 21.8750000000, 23.7727146148, 23.3330593109, Fault 0x, 23.2316608428
2026-07-23 17:51:11, 21.9166259765, 21.8202972412, 21.9166259765, 21.8202972412, 22.0000000000, 22.2500000000, 22.1875000000, 21.8750000000, 23.8063793182, 23.3330593109, Fault 0x, 23.2316608428
2026-07-23 17:51:13, 21.9166259765, 21.8202972412, 21.9166259765, 21.8202972412, 22.0625000000, 22.1875000000, 22.1250000000, 21.9375000000, 23.8063793182, 23.3669242858, Fault 0x, 23.2316608428
2026-07-23 17:51:15, 21.9166259765, 21.8202972412, 21.9166259765, 21.8202972412, 22.0000000000, 22.1875000000, 22.1875000000, 21.9375000000, 23.7727146148, 23.3669242858, Fault 0x, 23.2655277252
2026-07-23 17:51:16, 21.9166259765, 21.8202972412, 21.9166259765, 21.8202972412, 22.0625000000, 22.1875000000, 22.1875000000, 21.8750000000, 23.7727146148, 1.1933831024, Fault 0x, 23.2655277252
2026-07-23 17:51:18, 22.0129852294, 21.9166259765, 21.9166259765, 21.8202972412, 22.0000000000, 22.2500000000, 22.1875000000, 21.9375000000, 23.8063793182, 22.6232776641, Fault 0x, 23.2655277252
2026-07-23 17:51:20, 22.0129852294, 21.8202972412, 21.9166259765, 21.8202972412, 22.0625000000, 22.2500000000, 22.1875000000, 21.9375000000, 23.8063793182, 23.3669242858, Fault 0x, 23.2655277252
2026-07-23 17:51:22, 22.0129852294, 21.8202972412, 21.9166259765, 21.8202972412, 22.0625000000, 22.2500000000, 22.1875000000, 21.9375000000, 23.8063793182, 20.6971340179, Fault 0x, 23.2655277252
2026-07-23 17:51:24, 22.0129852294, 21.8202972412, 21.9166259765, 21.8202972412, 22.0625000000, 22.3125000000, 22.1875000000, 21.9375000000, 23.8402462005, 23.2316608428, Fault 0x, 23.2655277252
