2026-07-23 17:13:24||20.5702819824, 20.3782501220, 20.4742584228, 20.3782501220, 20.8750000000, 21.0625000000, 20.9375000000, 20.6250000000, 22.5555458068, 21.9810276031, Fault 0x, 21.9810276031
2026-07-23 17:13:26||20.5702819824, 20.3782501220, 20.4742584228, 20.3782501220, 20.8750000000, 21.0625000000, 20.9375000000, 20.6250000000, 22.5555458068, 21.9810276031, Fault 0x, 21.9471626281
2026-07-23 17:13:28||20.5702819824, 20.3782501220, 20.4742584228, 20.3782501220, 20.8750000000, 21.0625000000, 20.9375000000, 20.6875000000, 22.5894107818, 21.9810276031, Fault 0x, 21.9471626281
2026-07-23 17:13:29||20.5702819824, 20.3782501220, 20.4742584228, 20.3782501220, 20.8125000000, 21.0000000000, 20.9375000000, 20.6250000000, 22.5555458068, 21.9810276031, Fault 0x, 21.9810276031
2026-07-23 17:13:31||20.5702819824, 20.3782501220, 20.4742584228, 20.3782501220, 20.8750000000, 21.0625000000, 20.9375000000, 20.6875000000, 22.5894107818, 22.0146923065, Fault 0x, 21.9471626281
2026-07-23 17:13:33||20.5702819824, 20.3782501220, 20.4742584228, 20.3782501220, 20.8750000000, 21.0625000000, 20.9375000000, 20.6875000000, 22.5555458068, 22.0146923065, Fault 0x, 21.9471626281
2026-07-23 17:13:35||20.5702819824, 20.3782501220, 20.4742584228, 20.3782501220, 20.8750000000, 21.0625000000, 20.9375000000, 20.6250000000, 22.5555458068, 21.9810276031, Fault 0x, 21.9471626281
2026-07-23 17:13:36||20.5702819824, 20.3782501220, 20.4742584228, 20.3782501220, 20.8750000000, 21.0625000000, 20.9375000000, 20.6250000000, 22.5555458068, 21.9810276031, Fault 0x, 21.9471626281
2026-07-23 17:13:38||20.5702819824, 20.3782501220, 20.4742584228, 20.3782501220, 20.8125000000, 21.0000000000, 20.9375000000, 20.6250000000, 22.5555458068, 22.0146923065, Fault 0x, 21.9471626281
2026-07-23 17:13:40||20.5702819824, 20.3782501220, 20.4742584228, 20.3782501220, 20.8750000000, 21.0625000000, 20.9375000000, 20.6250000000, 22.5555458068, 21.9810276031, Fault 0x, 21.9471626281
2026-07-23 17:13:42||20.5702819824, 20.3782501220, 20.4742584228, 20.3782501220, 20.8125000000, 21.0625000000, 20.9375000000, 20.6250000000, 22.5894107818, 21.9810276031, Fault 0x, 21.9471626281
2026-07-23 17:13:44||20.5702819824, 20.3782501220, 20.4742584228, 20.3782501220, 20.8750000000, 21.0625000000, 20.9375000000, 20.6250000000, 22.5894107818, 21.9810276031, Fault 0x, 21.9471626281
2026-07-23 17:13:45||20.5702819824, 20.3782501220, 20.4742584228, 20.3782501220, 20.8125000000, 21.0625000000, 20.9375000000, 20.6250000000, 22.5894107818, 21.9810276031, Fault 0x, 21.9471626281
2026-07-23 17:13:47||20.5702819824, 20.3782501220, 20.4742584228, 20.3782501220, 20.8750000000, 21.0625000000, 20.9375000000, 20.6250000000, 22.5894107818, 22.0146923065, Fault 0x, 21.9810276031
2026-07-23 17:13:49||20.5702819824, 20.3782501220, 20.4742584228, 20.3782501220, 20.8750000000, 21.0625000000, 20.9375000000, 20.6250000000, 22.5555458068, 22.0146923065, Fault 0x, 21.9810276031
2026-07-23 17:13:51||20.5702819824, 20.3782501220, 20.4742584228, 20.3782501220, 20.8125000000, 21.0000000000, 20.9375000000, 20.6250000000, 22.5894107818, 21.9810276031, Fault 0x, 21.9471626281
2026-07-23 17:13:52||20.5702819824, 20.3782501220, 20.4742584228, 20.3782501220, 20.8750000000, 21.0625000000, 20.9375000000, 20.6875000000, 22.5555458068, 21.9810276031, Fault 0x, 21.9471626281
2026-07-23 17:13:54||20.5702819824, 20.3782501220, 20.4742584228, 20.3782501220, 20.8750000000, 21.0625000000, 21.0000000000, 20.6875000000, 22.5894107818, 21.9810276031, Fault 0x, 21.9471626281
2026-07-23 17:13:56||20.5702819824, 20.3782501220, 20.4742584228, 20.3782501220, 20.9375000000, 21.0625000000, 20.9375000000, 20.6250000000, 22.5894107818, 21.9810276031, Fault 0x, 21.9471626281
2026-07-23 17:13:58||20.5702819824, 20.3782501220, 20.4742584228, 20.3782501220, 20.9375000000, 21.0000000000, 20.9375000000, 20.6875000000, 22.5894107818, 22.0146923065, Fault 0x, 21.9471626281
2026-07-23 17:14:00||20.5702819824, 20.3782501220, 20.4742584228, 20.3782501220, 20.8750000000, 21.0000000000, 20.9375000000, 20.6875000000, 22.5894107818, 22.0146923065, Fault 0x, 21.9471626281
2026-07-23 17:14:01||20.5702819824, 20.3782501220, 20.4742584228, 20.3782501220, 20.8750000000, 21.0625000000, 20.9375000000, 20.6250000000, 22.5894107818, 21.9810276031, Fault 0x, 21.9471626281
2026-07-23 17:14:03||20.5702819824, 20.3782501220, 20.4742584228, 20.3782501220, 20.8750000000, 21.0625000000, 20.9375000000, 20.6250000000, 22.5555458068, 21.9810276031, Fault 0x, 21.9471626281
2026-07-23 17:14:05||20.5702819824, 20.3782501220, 20.4742584228, 20.3782501220, 20.8125000000, 21.0625000000, 20.9375000000, 20.6250000000, 22.5894107818, 21.9810276031, Fault 0x, 21.9471626281
2026-07-23 17:14:07||20.5702819824, 20.3782501220, 20.4742584228, 20.3782501220, 20.8125000000, 21.0625000000, 20.9375000000, 20.6250000000, 22.5894107818, 22.0146923065, Fault 0x, 21.9471626281
2026-07-23 17:14:08||20.5702819824, 20.3782501220, 20.4742584228, 20.3782501220, 20.8125000000, 21.0625000000, 20.9375000000, 20.6875000000, 22.5894107818, 21.9810276031, Fault 0x, 21.9471626281
2026-07-23 17:14:10||20.5702819824, 20.3782501220, 20.4742584228, 20.3782501220, 20.8750000000, 21.0625000000, 20.9375000000, 20.6875000000, 22.5894107818, 22.0146923065, Fault 0x, 21.9471626281
2026-07-23 17:14:12||20.5702819824, 20.3782501220, 20.4742584228, 20.3782501220, 20.8750000000, 21.0625000000, 20.9375000000, 20.6250000000, 22.5555458068, 21.9810276031, Fault 0x, 21.9810276031
2026-07-23 17:14:14||20.5702819824, 20.3782501220, 20.4742584228, 20.3782501220, 20.8750000000, 21.0625000000, 20.9375000000, 20.6250000000, 22.5555458068, 22.0146923065, Fault 0x, 21.9471626281
2026-07-23 17:14:15||20.5702819824, 20.3782501220, 20.4742584228, 20.3782501220, 20.8750000000, 21.0000000000, 20.9375000000, 20.6875000000, 22.5555458068, 21.9810276031, Fault 0x, 21.9471626281
2026-07-23 17:14:17||20.5702819824, 20.3782501220, 20.4742584228, 20.3782501220, 20.8125000000, 21.0625000000, 20.9375000000, 20.6250000000, 22.5894107818, 22.0146923065, Fault 0x, 21.9471626281
2026-07-23 17:14:19||20.5702819824, 20.3782501220, 20.4742584228, 20.3782501220, 20.8750000000, 21.0625000000, 20.9375000000, 20.6250000000, 22.5555458068, 22.0146923065, Fault 0x, 21.9471626281
2026-07-23 17:14:21||20.5702819824, 20.3782501220, 20.4742584228, 20.3782501220, 20.8125000000, 21.0625000000, 20.9375000000, 20.6250000000, 22.5894107818, 22.0146923065, Fault 0x, 21.9471626281
2026-07-23 17:14:23||20.5702819824, 20.4742584228, 20.4742584228, 20.3782501220, 20.8750000000, 21.0625000000, 20.9375000000, 20.6875000000, 22.5555458068, 21.9810276031, Fault 0x, 21.9471626281
2026-07-23 17:14:24||20.5702819824, 20.3782501220, 20.4742584228, 20.3782501220, 20.8750000000, 21.0625000000, 20.9375000000, 20.6250000000, 22.5555458068, 21.9810276031, Fault 0x, 21.9471626281
2026-07-23 17:14:26||20.5702819824, 20.3782501220, 20.4742584228, 20.3782501220, 20.8750000000, 21.0000000000, 21.0000000000, 20.6875000000, 22.5555458068, 22.0146923065, Fault 0x, 21.9471626281
2026-07-23 17:14:28||20.5702819824, 20.3782501220, 20.4742584228, 20.3782501220, 20.8125000000, 21.0625000000, 20.9375000000, 20.6250000000, 22.5555458068, 22.0146923065, Fault 0x, 21.9810276031
2026-07-23 17:14:30||20.5702819824, 20.3782501220, 20.4742584228, 20.3782501220, 20.8125000000, 21.0625000000, 20.9375000000, 20.6875000000, 22.5555458068, 21.9810276031, Fault 0x, 21.9471626281
2026-07-23 17:14:31||20.5702819824, 20.3782501220, 20.4742584228, 20.3782501220, 20.8750000000, 21.0625000000, 20.9375000000, 20.6250000000, 22.5555458068, 21.9810276031, Fault 0x, 21.9471626281
2026-07-23 17:14:33||20.5702819824, 20.3782501220, 20.4742584228, 20.3782501220, 20.8750000000, 21.0625000000, 21.0000000000, 20.6250000000, 22.5894107818, 22.0146923065, Fault 0x, 21.9471626281
2026-07-23 17:14:35||20.5702819824, 20.3782501220, 20.4742584228, 20.3782501220, 20.8750000000, 21.0625000000, 20.9375000000, 20.6250000000, 22.5555458068, 21.9810276031, Fault 0x, 21.9471626281
2026-07-23 17:14:37||20.5702819824, 20.3782501220, 20.4742584228, 20.3782501220, 20.8750000000, 21.0625000000, 20.9375000000, 20.6250000000, 22.5555458068, 21.9810276031, Fault 0x, 21.9471626281
2026-07-23 17:14:39||20.5702819824, 20.3782501220, 20.4742584228, 20.3782501220, 20.8750000000, 21.0000000000, 20.9375000000, 20.6250000000, 22.5555458068, 21.9810276031, Fault 0x, 21.9132957458
2026-07-23 17:14:40||20.5702819824, 20.3782501220, 20.4742584228, 20.3782501220, 20.8750000000, 21.0625000000, 20.9375000000, 20.6250000000, 22.5555458068, 21.9810276031, Fault 0x, 21.9471626281
2026-07-23 17:14:42||20.5702819824, 20.3782501220, 20.4742584228, 20.3782501220, 20.8125000000, 21.0625000000, 20.9375000000, 20.6250000000, 22.5555458068, 21.9810276031, Fault 0x, 21.9471626281
2026-07-23 17:14:44||20.4742584228, 20.3782501220, 20.4742584228, 20.3782501220, 20.8750000000, 21.0625000000, 20.9375000000, 20.6250000000, 22.5555458068, 21.9810276031, Fault 0x, 21.9471626281
2026-07-23 17:14:46||20.5702819824, 20.3782501220, 20.4742584228, 20.3782501220, 20.8750000000, 21.0000000000, 20.9375000000, 20.6250000000, 22.5218811035, 21.9810276031, Fault 0x, 21.9132957458
2026-07-23 17:14:47||20.5702819824, 20.3782501220, 20.4742584228, 20.3782501220, 20.9375000000, 21.0625000000, 20.9375000000, 20.6250000000, 22.5555458068, 21.9810276031, Fault 0x, 21.9471626281
2026-07-23 17:14:49||20.4742584228, 20.3782501220, 20.4742584228, 20.3782501220, 20.8750000000, 21.0000000000, 20.9375000000, 20.6250000000, 22.5218811035, 21.9810276031, Fault 0x, 21.9132957458
2026-07-23 17:14:51||20.4742584228, 20.3782501220, 20.4742584228, 20.3782501220, 20.8750000000, 21.0000000000, 20.9375000000, 20.6875000000, 22.5555458068, 21.9810276031, Fault 0x, 21.9471626281
2026-07-23 17:14:53||20.5702819824, 20.3782501220, 20.4742584228, 20.3782501220, 20.8750000000, 21.0625000000, 20.9375000000, 20.6250000000, 22.5555458068, 21.9810276031, Fault 0x, 21.9132957458
2026-07-23 17:14:55||20.4742584228, 20.3782501220, 20.4742584228, 20.3782501220, 20.8750000000, 21.0000000000, 20.9375000000, 20.6250000000, 22.5555458068, 21.9471626281, Fault 0x, 21.9471626281
2026-07-23 17:14:56||20.4742584228, 20.3782501220, 20.4742584228, 20.3782501220, 20.8750000000, 21.0000000000, 20.9375000000, 20.6250000000, 22.5555458068, 21.9810276031, Fault 0x, 21.9471626281
2026-07-23 17:14:58||20.4742584228, 20.3782501220, 20.4742584228, 20.3782501220, 20.8750000000, 21.0000000000, 20.9375000000, 20.6250000000, 22.5555458068, 21.9471626281, Fault 0x, 21.9471626281
2026-07-23 17:15:00||20.5702819824, 20.3782501220, 20.4742584228, 20.3782501220, 20.8125000000, 21.0625000000, 20.8750000000, 20.6250000000, 22.5218811035, 21.9471626281, Fault 0x, 21.9471626281
2026-07-23 17:15:02||20.4742584228, 20.3782501220, 20.4742584228, 20.3782501220, 20.8750000000, 21.0000000000, 20.9375000000, 20.6250000000, 22.5218811035, 21.9810276031, Fault 0x, 21.9471626281
2026-07-23 17:15:03||20.4742584228, 20.3782501220, 20.4742584228, 20.3782501220, 20.8125000000, 21.0000000000, 20.9375000000, 20.6250000000, 22.5218811035, 21.9810276031, Fault 0x, 21.9132957458
2026-07-23 17:15:05||20.4742584228, 20.3782501220, 20.4742584228, 20.3782501220, 20.8125000000, 21.0000000000, 20.8750000000, 20.6250000000, 22.5555458068, 21.9810276031, Fault 0x, 21.9132957458
2026-07-23 17:15:07||20.4742584228, 20.3782501220, 20.4742584228, 20.3782501220, 20.8125000000, 21.0000000000, 20.9375000000, 20.6250000000, 22.5218811035, 21.9471626281, Fault 0x, 21.9471626281
2026-07-23 17:15:09||20.4742584228, 20.3782501220, 20.4742584228, 20.3782501220, 20.8125000000, 21.0000000000, 20.9375000000, 20.6250000000, 22.5218811035, 21.9810276031, Fault 0x, 21.9132957458
2026-07-23 17:15:11||20.4742584228, 20.3782501220, 20.4742584228, 20.3782501220, 20.8125000000, 21.0000000000, 20.8750000000, 20.6250000000, 22.5218811035, 21.9810276031, Fault 0x, 21.9471626281
2026-07-23 17:15:12||20.4742584228, 20.3782501220, 20.4742584228, 20.3782501220, 20.8125000000, 21.0000000000, 20.9375000000, 20.6250000000, 22.5218811035, 21.9471626281, Fault 0x, 21.9132957458
2026-07-23 17:15:14||20.4742584228, 20.3782501220, 20.4742584228, 20.3782501220, 20.8125000000, 21.0000000000, 20.8750000000, 20.6250000000, 22.5218811035, 21.9471626281, Fault 0x, 21.9132957458
2026-07-23 17:15:16||20.4742584228, 20.3782501220, 20.4742584228, 20.3782501220, 20.8125000000, 21.0000000000, 20.8750000000, 20.6250000000, 22.5218811035, 21.9471626281, Fault 0x, 21.9132957458
2026-07-23 17:15:18||20.4742584228, 20.3782501220, 20.4742584228, 20.3782501220, 20.8125000000, 21.0625000000, 20.9375000000, 20.5625000000, 22.5218811035, 21.9471626281, Fault 0x, 21.9471626281
2026-07-23 17:15:19||20.4742584228, 20.3782501220, 20.4742584228, 20.3782501220, 20.8125000000, 21.0625000000, 20.8750000000, 20.6250000000, 22.5218811035, 21.9471626281, Fault 0x, 21.9132957458
2026-07-23 17:15:21||20.4742584228, 20.3782501220, 20.4742584228, 20.3782501220, 20.8125000000, 21.0000000000, 20.8750000000, 20.6250000000, 22.5218811035, 21.9471626281, Fault 0x, 21.9132957458
2026-07-23 17:15:23||20.4742584228, 20.3782501220, 20.4742584228, 20.3782501220, 20.8125000000, 21.0000000000, 20.9375000000, 20.6250000000, 22.4880142211, 21.9471626281, Fault 0x, 21.9132957458
2026-07-23 17:15:25||20.4742584228, 20.3782501220, 20.4742584228, 20.3782501220, 20.8125000000, 21.0000000000, 20.9375000000, 20.6250000000, 22.4880142211, 21.9132957458, Fault 0x, 21.9132957458
2026-07-23 17:15:27||20.4742584228, 20.3782501220, 20.4742584228, 20.3782501220, 20.8125000000, 21.0000000000, 20.8750000000, 20.5625000000, 22.4880142211, 21.9471626281, Fault 0x, 21.9471626281
2026-07-23 17:15:28||20.4742584228, 20.3782501220, 20.4742584228, 20.3782501220, 20.8125000000, 21.0625000000, 20.8750000000, 20.6250000000, 22.5218811035, 21.9471626281, Fault 0x, 21.9132957458
2026-07-23 17:15:30||20.4742584228, 20.3782501220, 20.4742584228, 20.3782501220, 20.8125000000, 21.0000000000, 20.8750000000, 20.6250000000, 22.5218811035, 21.9471626281, Fault 0x, 21.9471626281
2026-07-23 17:15:32||20.4742584228, 20.3782501220, 20.4742584228, 20.3782501220, 20.8750000000, 21.0000000000, 20.8750000000, 20.5625000000, 22.4880142211, 21.9471626281, Fault 0x, 21.9132957458
2026-07-23 17:15:34||20.4742584228, 20.3782501220, 20.4742584228, 20.3782501220, 20.8125000000, 21.0000000000, 20.8750000000, 20.6250000000, 22.4880142211, 21.9471626281, Fault 0x, 21.9471626281
2026-07-23 17:15:35||20.4742584228, 20.3782501220, 20.4742584228, 20.3782501220, 20.8125000000, 21.0625000000, 20.8750000000, 20.5625000000, 22.4880142211, 21.9471626281, Fault 0x, 21.9132957458
2026-07-23 17:15:37||20.4742584228, 20.3782501220, 20.4742584228, 20.3782501220, 20.8125000000, 21.0625000000, 20.8750000000, 20.5625000000, 22.5218811035, 21.9471626281, Fault 0x, 21.9132957458
2026-07-23 17:15:39||20.4742584228, 20.3782501220, 20.4742584228, 20.3782501220, 20.8125000000, 21.0000000000, 20.8750000000, 20.5625000000, 22.4880142211, 21.9471626281, Fault 0x, 21.9132957458
2026-07-23 17:15:41||20.4742584228, 20.3782501220, 20.4742584228, 20.3782501220, 20.8125000000, 21.0000000000, 20.8750000000, 20.6250000000, 22.4880142211, 21.9471626281, Fault 0x, 21.9132957458
2026-07-23 17:15:43||20.4742584228, 20.3782501220, 20.4742584228, 20.3782501220, 20.8125000000, 21.0625000000, 20.8750000000, 20.5625000000, 22.4880142211, 21.9471626281, Fault 0x, 21.9471626281
2026-07-23 17:15:44||20.4742584228, 20.3782501220, 20.4742584228, 20.3782501220, 20.8125000000, 21.0000000000, 20.8750000000, 20.5625000000, 22.5218811035, 21.9132957458, Fault 0x, 21.9132957458
2026-07-23 17:15:46||20.4742584228, 20.3782501220, 20.4742584228, 20.3782501220, 20.8125000000, 21.0000000000, 20.8750000000, 20.5625000000, 22.4880142211, 21.9471626281, Fault 0x, 21.9132957458
2026-07-23 17:15:48||20.4742584228, 20.3782501220, 20.4742584228, 20.2822723388, 20.8125000000, 21.0000000000, 20.9375000000, 20.6250000000, 22.5218811035, 21.9471626281, Fault 0x, 21.9132957458
2026-07-23 17:15:50||20.4742584228, 20.3782501220, 20.4742584228, 20.3782501220, 20.8125000000, 21.0625000000, 20.9375000000, 20.5625000000, 22.5218811035, 21.9471626281, Fault 0x, 21.9132957458
2026-07-23 17:15:51||20.4742584228, 20.3782501220, 20.4742584228, 20.3782501220, 20.8125000000, 21.0000000000, 20.8750000000, 20.6250000000, 22.4880142211, 21.9471626281, Fault 0x, 21.9132957458
2026-07-23 17:15:53||20.4742584228, 20.3782501220, 20.4742584228, 20.3782501220, 20.8125000000, 21.0000000000, 20.8750000000, 20.5625000000, 22.5218811035, 21.9132957458, Fault 0x, 21.9132957458
2026-07-23 17:15:55||20.4742584228, 20.3782501220, 20.4742584228, 20.2822723388, 20.8125000000, 21.0000000000, 20.8750000000, 20.5625000000, 22.5218811035, 21.9132957458, Fault 0x, 21.9132957458
2026-07-23 17:15:57||20.3782501220, 20.3782501220, 20.4742584228, 20.2822723388, 20.8125000000, 21.0000000000, 20.9375000000, 20.5625000000, 22.4880142211, 21.9471626281, Fault 0x, 21.9132957458
2026-07-23 17:15:59||20.4742584228, 20.3782501220, 20.4742584228, 20.2822723388, 20.7500000000, 21.0000000000, 20.8750000000, 20.5625000000, 22.5218811035, 21.9471626281, Fault 0x, 21.9132957458
2026-07-23 17:16:00||20.4742584228, 20.3782501220, 20.4742584228, 20.3782501220, 20.8125000000, 21.0000000000, 20.8750000000, 20.6250000000, 22.4880142211, 21.9471626281, Fault 0x, 21.9132957458
2026-07-23 17:16:02||20.4742584228, 20.3782501220, 20.4742584228, 20.2822723388, 20.8125000000, 21.0000000000, 20.8750000000, 20.5625000000, 22.4880142211, 21.9471626281, Fault 0x, 21.9132957458
2026-07-23 17:16:04||20.4742584228, 20.3782501220, 20.4742584228, 20.2822723388, 20.8125000000, 20.9375000000, 20.9375000000, 20.5625000000, 22.4880142211, 21.9132957458, Fault 0x, 21.9132957458
2026-07-23 17:16:06||20.4742584228, 20.3782501220, 20.4742584228, 20.2822723388, 20.8125000000, 21.0000000000, 20.8750000000, 20.5625000000, 22.5218811035, 21.9471626281, Fault 0x, 21.9132957458
2026-07-23 17:16:07||20.4742584228, 20.3782501220, 20.4742584228, 20.3782501220, 20.8125000000, 21.0000000000, 20.8750000000, 20.5625000000, 22.4880142211, 21.9471626281, Fault 0x, 21.9132957458
2026-07-23 17:16:09||20.4742584228, 20.3782501220, 20.4742584228, 20.2822723388, 20.8125000000, 21.0000000000, 20.8750000000, 20.5625000000, 22.4880142211, 21.9132957458, Fault 0x, 21.9132957458
2026-07-23 17:16:11||20.4742584228, 20.2822723388, 20.4742584228, 20.3782501220, 20.8125000000, 20.9375000000, 20.8750000000, 20.6250000000, 22.4880142211, 21.9132957458, Fault 0x, 21.9132957458
2026-07-23 17:16:13||20.4742584228, 20.3782501220, 20.3782501220, 20.3782501220, 20.8125000000, 21.0000000000, 20.8750000000, 20.6250000000, 22.5218811035, 21.9132957458, Fault 0x, 21.9471626281
2026-07-23 17:16:14||20.4742584228, 20.3782501220, 20.4742584228, 20.2822723388, 20.7500000000, 21.0000000000, 20.9375000000, 20.5625000000, 22.4880142211, 21.9132957458, Fault 0x, 21.9132957458
2026-07-23 17:16:16||20.4742584228, 20.2822723388, 20.3782501220, 20.2822723388, 20.8125000000, 21.0000000000, 20.8750000000, 20.5625000000, 22.5218811035, 21.9132957458, Fault 0x, 21.9132957458
2026-07-23 17:16:18||20.4742584228, 20.2822723388, 20.3782501220, 20.2822723388, 20.8125000000, 21.0000000000, 20.9375000000, 20.5625000000, 22.5218811035, 21.8796310424, Fault 0x, 21.8796310424
2026-07-23 17:16:20||20.4742584228, 20.2822723388, 20.4742584228, 20.2822723388, 20.7500000000, 21.0000000000, 20.8750000000, 20.6250000000, 22.4880142211, 21.9132957458, Fault 0x, 21.8796310424
2026-07-23 17:16:22||20.4742584228, 20.2822723388, 20.4742584228, 20.2822723388, 20.8125000000, 21.0000000000, 20.8750000000, 20.5625000000, 22.5218811035, 21.9132957458, Fault 0x, 21.8796310424
2026-07-23 17:16:23||20.4742584228, 20.2822723388, 20.3782501220, 20.2822723388, 20.8125000000, 21.0000000000, 20.8750000000, 20.5625000000, 22.4880142211, 21.8796310424, Fault 0x, 21.8796310424
2026-07-23 17:16:25||20.4742584228, 20.2822723388, 20.4742584228, 20.2822723388, 20.8125000000, 20.9375000000, 20.8750000000, 20.5625000000, 22.4880142211, 21.9132957458, Fault 0x, 21.8796310424
2026-07-23 17:16:27||20.4742584228, 20.2822723388, 20.4742584228, 20.3782501220, 20.8125000000, 21.0625000000, 20.8750000000, 20.5625000000, 22.4880142211, 21.9132957458, Fault 0x, 21.8796310424
2026-07-23 17:16:29||20.4742584228, 20.2822723388, 20.4742584228, 20.2822723388, 20.8125000000, 20.9375000000, 20.9375000000, 20.5625000000, 22.5218811035, 21.9132957458, Fault 0x, 21.9132957458
2026-07-23 17:16:30||20.4742584228, 20.2822723388, 20.4742584228, 20.2822723388, 20.8125000000, 21.0000000000, 20.8750000000, 20.5625000000, 22.4880142211, 21.9132957458, Fault 0x, 21.8796310424
2026-07-23 17:16:32||20.4742584228, 20.2822723388, 20.4742584228, 20.2822723388, 20.8125000000, 21.0000000000, 20.8750000000, 20.5625000000, 22.4880142211, 21.9132957458, Fault 0x, 21.8796310424
2026-07-23 17:16:34||20.4742584228, 20.2822723388, 20.3782501220, 20.2822723388, 20.8125000000, 21.0000000000, 20.8750000000, 20.5625000000, 22.5218811035, 21.9132957458, Fault 0x, 21.8796310424
2026-07-23 17:16:36||20.4742584228, 20.2822723388, 20.4742584228, 20.2822723388, 20.7500000000, 21.0000000000, 20.8750000000, 20.5625000000, 22.4880142211, 21.9132957458, Fault 0x, 21.8796310424
2026-07-23 17:16:38||20.4742584228, 20.3782501220, 20.4742584228, 20.2822723388, 20.7500000000, 21.0000000000, 20.8750000000, 20.6250000000, 22.5218811035, 21.9132957458, Fault 0x, 21.9132957458
2026-07-23 17:16:39||20.4742584228, 20.2822723388, 20.4742584228, 20.2822723388, 20.7500000000, 21.0000000000, 20.8750000000, 20.5625000000, 22.4541473388, 21.9132957458, Fault 0x, 21.8796310424
2026-07-23 17:16:41||20.4742584228, 20.2822723388, 20.4742584228, 20.2822723388, 20.8125000000, 21.0000000000, 20.8750000000, 20.5625000000, 22.4880142211, 21.9132957458, Fault 0x, 21.8796310424
2026-07-23 17:16:43||20.4742584228, 20.2822723388, 20.3782501220, 20.2822723388, 20.8125000000, 21.0000000000, 20.8750000000, 20.5625000000, 22.4880142211, 21.8796310424, Fault 0x, 21.8796310424
2026-07-23 17:16:45||20.4742584228, 20.2822723388, 20.3782501220, 20.2822723388, 20.8125000000, 21.0000000000, 20.8750000000, 20.5625000000, 22.5218811035, 21.8796310424, Fault 0x, 21.9132957458
2026-07-23 17:16:46||20.4742584228, 20.2822723388, 20.3782501220, 20.2822723388, 20.7500000000, 21.0000000000, 20.8750000000, 20.5625000000, 22.5218811035, 21.9132957458, Fault 0x, 21.9132957458
2026-07-23 17:16:48||20.4742584228, 20.2822723388, 20.4742584228, 20.2822723388, 20.7500000000, 21.0000000000, 20.8750000000, 20.5625000000, 22.4880142211, 21.9132957458, Fault 0x, 21.8796310424
2026-07-23 17:16:50||20.4742584228, 20.2822723388, 20.3782501220, 20.2822723388, 20.8125000000, 21.0000000000, 20.8750000000, 20.5625000000, 22.5218811035, 21.8796310424, Fault 0x, 21.9132957458
2026-07-23 17:16:52||20.4742584228, 20.2822723388, 20.3782501220, 20.2822723388, 20.7500000000, 21.0000000000, 20.8750000000, 20.5625000000, 22.4880142211, 21.9132957458, Fault 0x, 21.8796310424
2026-07-23 17:16:54||20.4742584228, 20.2822723388, 20.3782501220, 20.2822723388, 20.7500000000, 21.0000000000, 20.8750000000, 20.5625000000, 22.4880142211, 21.9132957458, Fault 0x, 21.8796310424
2026-07-23 17:16:55||20.3782501220, 20.2822723388, 20.3782501220, 20.2822723388, 20.8125000000, 20.9375000000, 20.8750000000, 20.5625000000, 22.4880142211, 21.9132957458, Fault 0x, 21.8796310424
2026-07-23 17:16:57||20.3782501220, 20.2822723388, 20.3782501220, 20.2822723388, 20.7500000000, 20.9375000000, 20.9375000000, 20.5625000000, 22.4880142211, 21.9132957458, Fault 0x, 21.8796310424
2026-07-23 17:16:59||20.4742584228, 20.2822723388, 20.4742584228, 20.2822723388, 20.8125000000, 20.9375000000, 20.8750000000, 20.5625000000, 22.4880142211, 21.9132957458, Fault 0x, 21.8796310424
2026-07-23 17:17:01||20.4742584228, 20.2822723388, 20.3782501220, 20.2822723388, 20.8125000000, 21.0000000000, 20.8750000000, 20.5625000000, 22.4880142211, 21.8796310424, Fault 0x, 21.9132957458
2026-07-23 17:17:02||20.4742584228, 20.2822723388, 20.3782501220, 20.2822723388, 20.8125000000, 20.9375000000, 20.8750000000, 20.6250000000, 22.4880142211, 21.9132957458, Fault 0x, 21.8796310424
2026-07-23 17:17:04||20.4742584228, 20.2822723388, 20.3782501220, 20.2822723388, 20.7500000000, 21.0000000000, 20.8750000000, 20.5625000000, 22.4880142211, 21.9132957458, Fault 0x, 21.9132957458
2026-07-23 17:17:06||20.4742584228, 20.2822723388, 20.4742584228, 20.2822723388, 20.7500000000, 20.9375000000, 20.8750000000, 20.5625000000, 22.4880142211, 21.8796310424, Fault 0x, 21.8457641601
2026-07-23 17:17:08||20.4742584228, 20.2822723388, 20.3782501220, 20.2822723388, 20.7500000000, 21.0000000000, 20.8750000000, 20.5625000000, 22.4880142211, 21.8796310424, Fault 0x, 21.8796310424
2026-07-23 17:17:10||20.4742584228, 20.2822723388, 20.3782501220, 20.2822723388, 20.8125000000, 21.0000000000, 20.8750000000, 20.5625000000, 22.4880142211, 21.9132957458, Fault 0x, 21.9132957458
2026-07-23 17:17:11||20.3782501220, 20.2822723388, 20.3782501220, 20.2822723388, 20.7500000000, 20.9375000000, 20.8750000000, 20.5625000000, 22.4880142211, 21.8796310424, Fault 0x, 21.8796310424
2026-07-23 17:17:13||20.3782501220, 20.2822723388, 20.3782501220, 20.2822723388, 20.7500000000, 21.0000000000, 20.8750000000, 20.5625000000, 22.4880142211, 21.8796310424, Fault 0x, 21.8796310424
2026-07-23 17:17:15||20.3782501220, 20.2822723388, 20.3782501220, 20.2822723388, 20.7500000000, 20.9375000000, 20.8750000000, 20.5625000000, 22.4880142211, 21.8796310424, Fault 0x, 21.8796310424
2026-07-23 17:17:17||20.3782501220, 20.2822723388, 20.3782501220, 20.2822723388, 20.8125000000, 21.0000000000, 20.8750000000, 20.5625000000, 22.4541473388, 21.9132957458, Fault 0x, 21.8796310424
2026-07-23 17:17:18||20.4742584228, 20.2822723388, 20.3782501220, 20.2822723388, 20.7500000000, 20.9375000000, 20.8750000000, 20.5625000000, 22.4880142211, 21.8796310424, Fault 0x, 21.8457641601
2026-07-23 17:17:20||20.3782501220, 20.2822723388, 20.3782501220, 20.2822723388, 20.7500000000, 21.0000000000, 20.8750000000, 20.5625000000, 22.4880142211, 21.8796310424, Fault 0x, 21.8796310424
2026-07-23 17:17:22||20.3782501220, 20.2822723388, 20.3782501220, 20.2822723388, 20.8125000000, 21.0000000000, 20.8125000000, 20.5625000000, 22.4880142211, 21.8796310424, Fault 0x, 21.8796310424
2026-07-23 17:17:24||20.3782501220, 20.2822723388, 20.3782501220, 20.2822723388, 20.8125000000, 21.0000000000, 20.8750000000, 20.5625000000, 22.4880142211, 21.8796310424, Fault 0x, 21.8796310424
2026-07-23 17:17:26||20.3782501220, 20.2822723388, 20.3782501220, 20.2822723388, 20.7500000000, 20.9375000000, 20.8750000000, 20.5625000000, 22.4880142211, 21.8796310424, Fault 0x, 21.8796310424
2026-07-23 17:17:27||20.4742584228, 20.2822723388, 20.4742584228, 20.2822723388, 20.7500000000, 20.9375000000, 20.8750000000, 20.5625000000, 22.4541473388, 21.8796310424, Fault 0x, 21.8796310424
2026-07-23 17:17:29||20.4742584228, 20.2822723388, 20.3782501220, 20.2822723388, 20.7500000000, 21.0000000000, 20.8750000000, 20.5625000000, 22.4880142211, 21.8796310424, Fault 0x, 21.8796310424
2026-07-23 17:17:31||20.3782501220, 20.2822723388, 20.3782501220, 20.2822723388, 20.8125000000, 21.0000000000, 20.8750000000, 20.5625000000, 22.4880142211, 21.8796310424, Fault 0x, 21.8796310424
2026-07-23 17:17:33||20.4742584228, 20.2822723388, 20.3782501220, 20.2822723388, 20.8125000000, 20.9375000000, 20.8125000000, 20.5625000000, 22.5218811035, 21.8796310424, Fault 0x, 21.8796310424
2026-07-23 17:17:34||20.4742584228, 20.2822723388, 20.3782501220, 20.2822723388, 20.8125000000, 21.0000000000, 20.8750000000, 20.5625000000, 22.5218811035, 21.9132957458, Fault 0x, 21.8457641601
2026-07-23 17:17:36||20.4742584228, 20.2822723388, 20.3782501220, 20.2822723388, 20.8125000000, 20.9375000000, 20.8750000000, 20.5625000000, 22.4880142211, 21.9132957458, Fault 0x, 21.8796310424
2026-07-23 17:17:38||20.3782501220, 20.2822723388, 20.3782501220, 20.2822723388, 20.7500000000, 21.0000000000, 20.8125000000, 20.5625000000, 22.4880142211, 21.8796310424, Fault 0x, 21.9132957458
2026-07-23 17:17:40||20.3782501220, 20.2822723388, 20.3782501220, 20.2822723388, 20.8125000000, 20.9375000000, 20.8750000000, 20.5625000000, 22.4880142211, 21.9132957458, Fault 0x, 21.8796310424
2026-07-23 17:17:42||20.4742584228, 20.2822723388, 20.3782501220, 20.2822723388, 20.8125000000, 20.9375000000, 20.8750000000, 20.5625000000, 22.4880142211, 21.8796310424, Fault 0x, 21.8796310424
2026-07-23 17:17:43||20.3782501220, 20.2822723388, 20.3782501220, 20.2822723388, 20.8125000000, 20.9375000000, 20.8750000000, 20.5625000000, 22.4880142211, 21.8796310424, Fault 0x, 21.8457641601
2026-07-23 17:17:45||20.3782501220, 20.2822723388, 20.3782501220, 20.2822723388, 20.8125000000, 21.0000000000, 20.8750000000, 20.5625000000, 22.4880142211, 21.9132957458, Fault 0x, 21.8796310424
2026-07-23 17:17:47||20.4742584228, 20.2822723388, 20.3782501220, 20.2822723388, 20.7500000000, 21.0000000000, 20.8750000000, 20.5625000000, 22.4880142211, 21.9132957458, Fault 0x, 21.8796310424
2026-07-23 17:17:49||20.4742584228, 20.2822723388, 20.3782501220, 20.2822723388, 20.8125000000, 20.9375000000, 20.8750000000, 20.5625000000, 22.4880142211, 21.8796310424, Fault 0x, 21.9132957458
2026-07-23 17:17:50||20.3782501220, 20.2822723388, 20.3782501220, 20.2822723388, 20.7500000000, 21.0000000000, 20.8750000000, 20.5625000000, 22.4880142211, 21.8796310424, Fault 0x, 21.8796310424
2026-07-23 17:17:52||20.4742584228, 20.2822723388, 20.3782501220, 20.2822723388, 20.7500000000, 21.0000000000, 20.8750000000, 20.5625000000, 22.4880142211, 21.8796310424, Fault 0x, 21.8796310424
2026-07-23 17:17:54||20.4742584228, 20.2822723388, 20.3782501220, 20.2822723388, 20.7500000000, 20.9375000000, 20.8750000000, 20.5625000000, 22.4880142211, 21.8796310424, Fault 0x, 21.9132957458
2026-07-23 17:17:56||20.3782501220, 20.2822723388, 20.3782501220, 20.2822723388, 20.8125000000, 21.0000000000, 20.8750000000, 20.6250000000, 22.4880142211, 21.9132957458, Fault 0x, 21.8796310424
2026-07-23 17:17:58||20.4742584228, 20.2822723388, 20.3782501220, 20.2822723388, 20.8125000000, 20.9375000000, 20.8750000000, 20.5625000000, 22.4880142211, 21.9132957458, Fault 0x, 21.9132957458
2026-07-23 17:17:59||20.4742584228, 20.2822723388, 20.3782501220, 20.2822723388, 20.7500000000, 21.0000000000, 20.8750000000, 20.5625000000, 22.4880142211, 21.9132957458, Fault 0x, 21.9132957458
2026-07-23 17:18:01||20.4742584228, 20.2822723388, 20.3782501220, 20.2822723388, 20.8125000000, 20.9375000000, 20.8750000000, 20.6250000000, 22.4880142211, 21.9132957458, Fault 0x, 21.9132957458
2026-07-23 17:18:03||20.4742584228, 20.2822723388, 20.4742584228, 20.2822723388, 20.8125000000, 20.9375000000, 20.8125000000, 20.6250000000, 22.5218811035, 21.9132957458, Fault 0x, 21.9132957458
2026-07-23 17:18:05||20.4742584228, 20.2822723388, 20.4742584228, 20.2822723388, 20.8125000000, 21.0000000000, 20.8750000000, 20.5625000000, 22.4880142211, 21.9132957458, Fault 0x, 21.9132957458
2026-07-23 17:18:06||20.4742584228, 20.2822723388, 20.4742584228, 20.2822723388, 20.8125000000, 21.0000000000, 20.8750000000, 20.5625000000, 22.5218811035, 21.9132957458, Fault 0x, 21.9132957458
2026-07-23 17:18:08||20.4742584228, 20.2822723388, 20.4742584228, 20.2822723388, 20.8125000000, 20.9375000000, 20.8750000000, 20.5625000000, 22.4880142211, 21.9132957458, Fault 0x, 21.9132957458
2026-07-23 17:18:10||20.4742584228, 20.2822723388, 20.4742584228, 20.2822723388, 20.8125000000, 21.0000000000, 20.8750000000, 20.5625000000, 22.5218811035, 21.9132957458, Fault 0x, 21.9132957458
2026-07-23 17:18:12||20.4742584228, 20.2822723388, 20.4742584228, 20.2822723388, 20.8125000000, 21.0000000000, 20.8750000000, 20.5625000000, 22.5218811035, 21.9132957458, Fault 0x, 21.9132957458
2026-07-23 17:18:13||20.4742584228, 20.2822723388, 20.4742584228, 20.2822723388, 20.8125000000, 21.0000000000, 20.8750000000, 20.6250000000, 22.5218811035, 21.9132957458, Fault 0x, 21.9471626281
2026-07-23 17:18:15||20.4742584228, 20.2822723388, 20.4742584228, 20.2822723388, 20.8125000000, 20.9375000000, 20.8750000000, 20.5625000000, 22.5218811035, 21.9471626281, Fault 0x, 21.9471626281
2026-07-23 17:18:17||20.4742584228, 20.2822723388, 20.4742584228, 20.2822723388, 20.8125000000, 21.0000000000, 20.8750000000, 20.5625000000, 22.5218811035, 21.9471626281, Fault 0x, 21.9471626281
2026-07-23 17:18:19||20.4742584228, 20.2822723388, 20.4742584228, 20.2822723388, 20.8125000000, 20.9375000000, 20.8750000000, 20.5625000000, 22.5218811035, 21.9471626281, Fault 0x, 21.9471626281
2026-07-23 17:18:21||20.4742584228, 20.2822723388, 20.4742584228, 20.2822723388, 20.8125000000, 21.0000000000, 20.9375000000, 20.6250000000, 22.5555458068, 21.9471626281, Fault 0x, 21.9471626281
2026-07-23 17:18:22||20.4742584228, 20.2822723388, 20.4742584228, 20.2822723388, 20.8125000000, 21.0000000000, 20.8750000000, 20.5625000000, 22.5555458068, 21.9471626281, Fault 0x, 21.9471626281
2026-07-23 17:18:24||20.4742584228, 20.2822723388, 20.4742584228, 20.2822723388, 20.8125000000, 21.0000000000, 20.8750000000, 20.6250000000, 22.5218811035, 21.9471626281, Fault 0x, 21.9471626281
2026-07-23 17:18:26||20.4742584228, 20.3782501220, 20.4742584228, 20.3782501220, 20.8125000000, 21.0000000000, 20.8750000000, 20.6250000000, 22.5555458068, 21.9471626281, Fault 0x, 21.9471626281
2026-07-23 17:18:28||20.4742584228, 20.3782501220, 20.4742584228, 20.3782501220, 20.7500000000, 21.0000000000, 20.8750000000, 20.5625000000, 22.5555458068, 21.9471626281, Fault 0x, 21.9471626281
2026-07-23 17:18:29||20.4742584228, 20.2822723388, 20.4742584228, 20.3782501220, 20.8125000000, 20.9375000000, 20.8750000000, 20.6250000000, 22.5555458068, 21.9810276031, Fault 0x, 21.9810276031
2026-07-23 17:18:31||20.4742584228, 20.3782501220, 20.4742584228, 20.3782501220, 20.8125000000, 21.0000000000, 20.8750000000, 20.5625000000, 22.5218811035, 21.9471626281, Fault 0x, 21.9471626281
2026-07-23 17:18:33||20.5702819824, 20.3782501220, 20.4742584228, 20.3782501220, 20.8125000000, 21.0000000000, 20.8750000000, 20.6250000000, 22.5555458068, 21.9471626281, Fault 0x, 21.9810276031
2026-07-23 17:18:35||20.4742584228, 20.3782501220, 20.4742584228, 20.3782501220, 20.8750000000, 20.9375000000, 20.9375000000, 20.6250000000, 22.5218811035, 21.9810276031, Fault 0x, 21.9810276031
2026-07-23 17:18:37||20.4742584228, 20.3782501220, 20.4742584228, 20.3782501220, 20.8125000000, 20.9375000000, 20.8750000000, 20.5625000000, 22.5555458068, 22.0146923065, Fault 0x, 21.9810276031
2026-07-23 17:18:38||20.4742584228, 20.3782501220, 20.4742584228, 20.3782501220, 20.8125000000, 21.0000000000, 20.9375000000, 20.5625000000, 22.5555458068, 21.9810276031, Fault 0x, 21.9810276031
2026-07-23 17:18:40||20.4742584228, 20.3782501220, 20.4742584228, 20.3782501220, 20.8125000000, 20.9375000000, 20.8750000000, 20.6250000000, 22.5218811035, 22.0146923065, Fault 0x, 22.0146923065
2026-07-23 17:18:42||20.4742584228, 20.3782501220, 20.4742584228, 20.3782501220, 20.8125000000, 21.0000000000, 20.8750000000, 20.6250000000, 22.5555458068, 22.0146923065, Fault 0x, 21.9810276031
2026-07-23 17:18:44||20.4742584228, 20.3782501220, 20.4742584228, 20.3782501220, 20.8125000000, 21.0625000000, 20.9375000000, 20.6250000000, 22.5555458068, 21.9810276031, Fault 0x, 21.9810276031
2026-07-23 17:18:45||20.4742584228, 20.3782501220, 20.4742584228, 20.3782501220, 20.8750000000, 21.0000000000, 20.9375000000, 20.6250000000, 22.5555458068, 21.9810276031, Fault 0x, 21.9810276031
2026-07-23 17:18:47||20.4742584228, 20.3782501220, 20.4742584228, 20.3782501220, 20.8125000000, 21.0000000000, 20.8750000000, 20.6250000000, 22.5555458068, 22.0146923065, Fault 0x, 22.0146923065
2026-07-23 17:18:49||20.4742584228, 20.3782501220, 20.4742584228, 20.3782501220, 20.8125000000, 21.0000000000, 20.9375000000, 20.6250000000, 22.5894107818, 22.0146923065, Fault 0x, 21.9810276031
2026-07-23 17:18:51||20.4742584228, 20.3782501220, 20.4742584228, 20.3782501220, 20.8125000000, 21.0625000000, 20.8750000000, 20.6250000000, 22.5555458068, 22.0146923065, Fault 0x, 21.9810276031
2026-07-23 17:18:53||20.4742584228, 20.3782501220, 20.4742584228, 20.3782501220, 20.8125000000, 21.0625000000, 20.8750000000, 20.5625000000, 22.5894107818, 21.9810276031, Fault 0x, 21.9810276031
2026-07-23 17:18:54||20.4742584228, 20.3782501220, 20.4742584228, 20.3782501220, 20.8125000000, 21.0000000000, 20.9375000000, 20.6250000000, 22.5894107818, 22.0146923065, Fault 0x, 21.9810276031
2026-07-23 17:18:56||20.4742584228, 20.3782501220, 20.4742584228, 20.3782501220, 20.8125000000, 21.0000000000, 20.8750000000, 20.6250000000, 22.5894107818, 22.0146923065, Fault 0x, 22.0146923065
2026-07-23 17:18:58||20.4742584228, 20.3782501220, 20.4742584228, 20.3782501220, 20.8125000000, 21.0000000000, 20.9375000000, 20.6250000000, 22.5894107818, 22.0146923065, Fault 0x, 21.9810276031
2026-07-23 17:19:00||20.4742584228, 20.3782501220, 20.4742584228, 20.3782501220, 20.8750000000, 21.0000000000, 20.9375000000, 20.6250000000, 22.5894107818, 22.0146923065, Fault 0x, 21.9810276031
2026-07-23 17:19:01||20.5702819824, 20.3782501220, 20.4742584228, 20.3782501220, 20.8750000000, 21.0000000000, 20.8750000000, 20.6250000000, 22.5894107818, 22.0485591888, Fault 0x, 21.9810276031
2026-07-23 17:19:03||20.4742584228, 20.3782501220, 20.4742584228, 20.3782501220, 20.8125000000, 21.0625000000, 20.8750000000, 20.6250000000, 22.5894107818, 22.0485591888, Fault 0x, 22.0146923065
2026-07-23 17:19:05||20.4742584228, 20.3782501220, 20.4742584228, 20.3782501220, 20.8125000000, 21.0000000000, 20.9375000000, 20.6250000000, 22.5894107818, 22.0485591888, Fault 0x, 21.9810276031
2026-07-23 17:19:07||20.5702819824, 20.3782501220, 20.4742584228, 20.3782501220, 20.8750000000, 21.0625000000, 20.9375000000, 20.6250000000, 22.6232776641, 22.0485591888, Fault 0x, 22.0146923065
2026-07-23 17:19:09||20.5702819824, 20.3782501220, 20.4742584228, 20.3782501220, 20.8750000000, 21.0625000000, 20.9375000000, 20.6250000000, 22.5894107818, 22.0485591888, Fault 0x, 22.0146923065
2026-07-23 17:19:10||20.5702819824, 20.3782501220, 20.4742584228, 20.3782501220, 20.8125000000, 21.0000000000, 20.8750000000, 20.6250000000, 22.6232776641, 22.0146923065, Fault 0x, 22.0146923065
2026-07-23 17:19:12||20.5702819824, 20.3782501220, 20.4742584228, 20.3782501220, 20.8750000000, 21.0000000000, 20.9375000000, 20.6250000000, 22.6232776641, 22.0485591888, Fault 0x, 22.0146923065
2026-07-23 17:19:14||20.5702819824, 20.3782501220, 20.4742584228, 20.3782501220, 20.8750000000, 21.0625000000, 20.9375000000, 20.6250000000, 22.6232776641, 22.0146923065, Fault 0x, 22.0146923065
2026-07-23 17:19:16||20.5702819824, 20.3782501220, 20.4742584228, 20.3782501220, 20.8750000000, 21.0000000000, 20.9375000000, 20.6250000000, 22.6232776641, 22.0485591888, Fault 0x, 22.0146923065
2026-07-23 17:19:17||20.5702819824, 20.3782501220, 20.4742584228, 20.3782501220, 20.8750000000, 21.0625000000, 20.9375000000, 20.6250000000, 22.6232776641, 22.0485591888, Fault 0x, 22.0146923065
2026-07-23 17:19:19||20.5702819824, 20.3782501220, 20.4742584228, 20.3782501220, 20.8750000000, 21.0625000000, 20.9375000000, 20.6250000000, 22.6569423675, 22.0824260711, Fault 0x, 22.0485591888
2026-07-23 17:19:21||20.5702819824, 20.3782501220, 20.4742584228, 20.3782501220, 20.8750000000, 21.0625000000, 20.9375000000, 20.6250000000, 22.6569423675, 22.0485591888, Fault 0x, 22.0146923065
2026-07-23 17:19:23||20.5702819824, 20.3782501220, 20.4742584228, 20.3782501220, 20.8750000000, 21.0000000000, 20.9375000000, 20.6250000000, 22.6569423675, 22.0824260711, Fault 0x, 22.0485591888
2026-07-23 17:19:25||20.5702819824, 20.3782501220, 20.4742584228, 20.3782501220, 20.8125000000, 21.0625000000, 20.9375000000, 20.6875000000, 22.5894107818, 22.0485591888, Fault 0x, 22.0485591888
2026-07-23 17:19:26||20.5702819824, 20.3782501220, 20.4742584228, 20.3782501220, 20.8750000000, 21.0625000000, 20.9375000000, 20.6250000000, 22.6908092498, 22.0824260711, Fault 0x, 22.0146923065
2026-07-23 17:19:28||20.5702819824, 20.3782501220, 20.4742584228, 20.3782501220, 20.8750000000, 21.0000000000, 20.8750000000, 20.6250000000, 22.6232776641, 22.1160907745, Fault 0x, 22.0485591888
2026-07-23 17:19:30||20.5702819824, 20.4742584228, 20.4742584228, 20.3782501220, 20.9375000000, 21.0625000000, 20.9375000000, 20.6250000000, 22.6569423675, 22.0824260711, Fault 0x, 22.0485591888
2026-07-23 17:19:32||20.5702819824, 20.4742584228, 20.5702819824, 20.3782501220, 20.9375000000, 21.0000000000, 20.9375000000, 20.6875000000, 22.6569423675, 22.1160907745, Fault 0x, 22.0485591888
2026-07-23 17:19:33||20.5702819824, 20.4742584228, 20.4742584228, 20.3782501220, 20.8750000000, 21.0625000000, 20.9375000000, 20.6875000000, 22.6569423675, 22.1160907745, Fault 0x, 22.0485591888
2026-07-23 17:19:35||20.5702819824, 20.4742584228, 20.5702819824, 20.4742584228, 20.8750000000, 21.0000000000, 20.9375000000, 20.6875000000, 22.6908092498, 22.1160907745, Fault 0x, 22.0485591888
2026-07-23 17:19:37||20.5702819824, 20.4742584228, 20.5702819824, 20.4742584228, 20.8750000000, 21.0625000000, 20.9375000000, 20.6875000000, 22.6908092498, 22.1160907745, Fault 0x, 22.0824260711
2026-07-23 17:19:39||20.5702819824, 20.4742584228, 20.5702819824, 20.4742584228, 20.8750000000, 21.0000000000, 20.9375000000, 20.6250000000, 22.6908092498, 22.1160907745, Fault 0x, 22.0485591888
2026-07-23 17:19:41||20.5702819824, 20.4742584228, 20.5702819824, 20.4742584228, 20.8750000000, 21.0625000000, 20.9375000000, 20.6875000000, 22.6908092498, 22.0824260711, Fault 0x, 22.0485591888
2026-07-23 17:19:42||20.5702819824, 20.4742584228, 20.5702819824, 20.4742584228, 20.8750000000, 21.0625000000, 21.0000000000, 20.6875000000, 22.6908092498, 22.1160907745, Fault 0x, 22.0485591888
2026-07-23 17:19:44||20.5702819824, 20.4742584228, 20.5702819824, 20.4742584228, 20.9375000000, 21.1250000000, 20.9375000000, 20.6875000000, 22.6908092498, 22.1160907745, Fault 0x, 22.0824260711
2026-07-23 17:19:46||20.5702819824, 20.4742584228, 20.5702819824, 20.4742584228, 20.9375000000, 21.0625000000, 20.9375000000, 20.6875000000, 22.6908092498, 22.1499557495, Fault 0x, 22.0824260711
2026-07-23 17:19:48||20.5702819824, 20.4742584228, 20.5702819824, 20.4742584228, 20.9375000000, 21.0625000000, 20.9375000000, 20.6875000000, 22.7246742248, 22.1499557495, Fault 0x, 22.0824260711
2026-07-23 17:19:49||20.5702819824, 20.4742584228, 20.5702819824, 20.4742584228, 20.9375000000, 21.0625000000, 20.9375000000, 20.6875000000, 22.7246742248, 22.1499557495, Fault 0x, 22.1160907745
2026-07-23 17:19:51||20.5702819824, 20.4742584228, 20.5702819824, 20.4742584228, 20.9375000000, 21.1250000000, 20.9375000000, 20.6875000000, 22.7583389282, 22.1499557495, Fault 0x, 22.0824260711
2026-07-23 17:19:53||20.5702819824, 20.4742584228, 20.5702819824, 20.4742584228, 20.9375000000, 21.0625000000, 20.9375000000, 20.6875000000, 22.7246742248, 22.1499557495, Fault 0x, 22.0824260711
2026-07-23 17:19:55||20.6663208007, 20.4742584228, 20.5702819824, 20.4742584228, 20.8750000000, 21.1250000000, 20.9375000000, 20.6875000000, 22.7246742248, 22.1838226318, Fault 0x, 22.0824260711
2026-07-23 17:19:57||20.5702819824, 20.4742584228, 20.5702819824, 20.4742584228, 20.8750000000, 21.0625000000, 20.9375000000, 20.6875000000, 22.7246742248, 22.1838226318, Fault 0x, 22.0824260711
2026-07-23 17:19:58||20.5702819824, 20.4742584228, 20.5702819824, 20.4742584228, 20.9375000000, 21.0625000000, 20.9375000000, 20.6875000000, 22.7246742248, 22.1838226318, Fault 0x, 22.0824260711
2026-07-23 17:20:00||20.6663208007, 20.4742584228, 20.5702819824, 20.4742584228, 20.9375000000, 21.1250000000, 20.9375000000, 20.6875000000, 22.7246742248, 22.1838226318, Fault 0x, 22.0824260711
2026-07-23 17:20:02||20.6663208007, 20.4742584228, 20.5702819824, 20.4742584228, 20.9375000000, 21.1250000000, 20.9375000000, 20.6875000000, 22.7583389282, 22.1838226318, Fault 0x, 22.1160907745
2026-07-23 17:20:04||20.6663208007, 20.4742584228, 20.5702819824, 20.4742584228, 20.9375000000, 21.0625000000, 21.0000000000, 20.6875000000, 22.7583389282, 22.1838226318, Fault 0x, 22.1160907745
2026-07-23 17:20:05||20.6663208007, 20.4742584228, 20.5702819824, 20.4742584228, 21.0000000000, 21.0625000000, 21.0000000000, 20.6875000000, 22.7583389282, 22.1838226318, Fault 0x, 22.1160907745
2026-07-23 17:20:07||20.6663208007, 20.4742584228, 20.5702819824, 20.4742584228, 20.9375000000, 21.1250000000, 21.0000000000, 20.6875000000, 22.7583389282, 22.2174873352, Fault 0x, 22.1160907745
2026-07-23 17:20:09||20.6663208007, 20.4742584228, 20.5702819824, 20.4742584228, 20.9375000000, 21.1250000000, 21.0000000000, 20.6875000000, 22.7583389282, 22.1838226318, Fault 0x, 22.1499557495
2026-07-23 17:20:11||20.6663208007, 20.4742584228, 20.5702819824, 20.4742584228, 20.9375000000, 21.1250000000, 21.0000000000, 20.6875000000, 22.7583389282, 22.1838226318, Fault 0x, 22.1160907745
2026-07-23 17:20:12||20.6663208007, 20.5702819824, 20.5702819824, 20.4742584228, 20.9375000000, 21.1250000000, 21.0000000000, 20.6875000000, 22.7583389282, 22.2174873352, Fault 0x, 22.1499557495
2026-07-23 17:20:14||20.6663208007, 20.5702819824, 20.5702819824, 20.5702819824, 21.0000000000, 21.1250000000, 21.0625000000, 20.6875000000, 22.7583389282, 22.1838226318, Fault 0x, 22.1160907745
2026-07-23 17:20:16||20.6663208007, 20.5702819824, 20.5702819824, 20.5702819824, 20.9375000000, 21.1250000000, 21.0000000000, 20.6875000000, 22.7922058105, 22.1838226318, Fault 0x, 22.1499557495
2026-07-23 17:20:18||20.6663208007, 20.5702819824, 20.5702819824, 20.5702819824, 21.0000000000, 21.1250000000, 21.0625000000, 20.6875000000, 22.7922058105, 22.2174873352, Fault 0x, 22.1499557495
2026-07-23 17:20:20||20.6663208007, 20.5702819824, 20.5702819824, 20.5702819824, 21.0000000000, 21.1250000000, 21.0625000000, 20.6875000000, 22.7922058105, 22.2174873352, Fault 0x, 22.1499557495
2026-07-23 17:20:21||20.6663208007, 20.5702819824, 20.5702819824, 20.5702819824, 21.0000000000, 21.1250000000, 21.0625000000, 20.6875000000, 22.7922058105, 22.2515544891, Fault 0x, 22.1499557495
2026-07-23 17:20:23||20.6663208007, 20.5702819824, 20.5702819824, 20.5702819824, 20.9375000000, 21.1875000000, 21.0000000000, 20.6875000000, 22.7922058105, 22.2515544891, Fault 0x, 22.1499557495
2026-07-23 17:20:25||20.6663208007, 20.5702819824, 20.6663208007, 20.5702819824, 21.0000000000, 21.1250000000, 21.0625000000, 20.6875000000, 22.7922058105, 22.2174873352, Fault 0x, 22.1838226318
2026-07-23 17:20:27||20.6663208007, 20.5702819824, 20.5702819824, 20.5702819824, 21.0000000000, 21.1250000000, 21.0000000000, 20.6875000000, 22.7922058105, 22.2515544891, Fault 0x, 22.1499557495
2026-07-23 17:20:28||20.6663208007, 20.5702819824, 20.6663208007, 20.5702819824, 21.0000000000, 21.1250000000, 21.0000000000, 20.7500000000, 22.7583389282, 22.2174873352, Fault 0x, 22.1838226318
2026-07-23 17:20:30||20.6663208007, 20.5702819824, 20.6663208007, 20.5702819824, 21.0000000000, 21.1250000000, 21.0000000000, 20.6875000000, 22.7922058105, 22.2515544891, Fault 0x, 22.1838226318
2026-07-23 17:20:32||20.6663208007, 20.5702819824, 20.6663208007, 20.5702819824, 21.0000000000, 21.1250000000, 21.0625000000, 20.7500000000, 22.7922058105, 22.2174873352, Fault 0x, 22.1838226318
2026-07-23 17:20:34||20.6663208007, 20.5702819824, 20.5702819824, 20.4742584228, 21.0000000000, 21.1250000000, 21.0000000000, 20.7500000000, 22.7922058105, 22.2852191925, Fault 0x, 22.1838226318
2026-07-23 17:20:36||20.6663208007, 20.5702819824, 20.6663208007, 20.5702819824, 21.0000000000, 21.1250000000, 21.0625000000, 20.7500000000, 22.8260726928, 22.2515544891, Fault 0x, 22.1838226318
2026-07-23 17:20:37||20.6663208007, 20.5702819824, 20.6663208007, 20.5702819824, 21.0000000000, 21.1250000000, 21.0625000000, 20.7500000000, 22.7922058105, 22.2515544891, Fault 0x, 22.1838226318
2026-07-23 17:20:39||20.6663208007, 20.5702819824, 20.6663208007, 20.5702819824, 21.0000000000, 21.0625000000, 21.0000000000, 20.6875000000, 22.8260726928, 22.2515544891, Fault 0x, 22.2174873352
2026-07-23 17:20:41||20.7623596191, 20.5702819824, 20.6663208007, 20.5702819824, 21.0000000000, 21.1250000000, 21.0625000000, 20.7500000000, 22.7922058105, 22.2852191925, Fault 0x, 22.1838226318
2026-07-23 17:20:43||20.7623596191, 20.5702819824, 20.6663208007, 20.5702819824, 21.0000000000, 21.1250000000, 21.0000000000, 20.7500000000, 22.8260726928, 22.2515544891, Fault 0x, 22.1838226318
2026-07-23 17:20:44||20.7623596191, 20.5702819824, 20.6663208007, 20.5702819824, 21.0000000000, 21.1875000000, 21.0000000000, 20.7500000000, 22.8260726928, 22.2852191925, Fault 0x, 22.2174873352
2026-07-23 17:20:46||20.7623596191, 20.5702819824, 20.6663208007, 20.5702819824, 21.0000000000, 21.1875000000, 21.0625000000, 20.7500000000, 22.8260726928, 22.2852191925, Fault 0x, 22.1838226318
2026-07-23 17:20:48||20.7623596191, 20.5702819824, 20.6663208007, 20.5702819824, 21.0000000000, 21.1875000000, 21.0625000000, 20.7500000000, 22.8260726928, 22.2852191925, Fault 0x, 22.2174873352
2026-07-23 17:20:50||20.7623596191, 20.5702819824, 20.6663208007, 20.5702819824, 21.0000000000, 21.1875000000, 21.0625000000, 20.6875000000, 22.8260726928, 22.2515544891, Fault 0x, 22.2174873352
2026-07-23 17:20:52||20.7623596191, 20.5702819824, 20.6663208007, 20.5702819824, 21.0000000000, 21.1875000000, 21.0625000000, 20.7500000000, 22.8599376678, 22.2852191925, Fault 0x, 22.1838226318
2026-07-23 17:20:53||20.7623596191, 20.5702819824, 20.6663208007, 20.5702819824, 21.0000000000, 21.1875000000, 21.0625000000, 20.7500000000, 22.8599376678, 22.3190860748, Fault 0x, 22.2174873352
2026-07-23 17:20:55||20.7623596191, 20.5702819824, 20.6663208007, 20.5702819824, 21.0000000000, 21.1875000000, 21.0625000000, 20.7500000000, 22.8599376678, 22.2852191925, Fault 0x, 22.1838226318
2026-07-23 17:20:57||20.7623596191, 20.5702819824, 20.6663208007, 20.5702819824, 21.0000000000, 21.1250000000, 21.0625000000, 20.7500000000, 22.8599376678, 22.2852191925, Fault 0x, 22.1838226318
2026-07-23 17:20:59||20.7623596191, 20.5702819824, 20.6663208007, 20.5702819824, 21.0000000000, 21.1875000000, 21.0625000000, 20.7500000000, 22.8599376678, 22.2852191925, Fault 0x, 22.2174873352
2026-07-23 17:21:00||20.7623596191, 20.6663208007, 20.6663208007, 20.5702819824, 21.0000000000, 21.1875000000, 21.0625000000, 20.7500000000, 22.8599376678, 22.2852191925, Fault 0x, 22.2515544891
2026-07-23 17:21:02||20.7623596191, 20.5702819824, 20.6663208007, 20.5702819824, 21.0625000000, 21.1875000000, 21.0625000000, 20.7500000000, 22.8599376678, 22.3190860748, Fault 0x, 22.2174873352
2026-07-23 17:21:04||20.7623596191, 20.5702819824, 20.6663208007, 20.6663208007, 21.0000000000, 21.1875000000, 21.0625000000, 20.7500000000, 22.8599376678, 22.3190860748, Fault 0x, 22.2174873352
2026-07-23 17:21:06||20.7623596191, 20.5702819824, 20.6663208007, 20.5702819824, 21.0625000000, 21.1875000000, 21.0625000000, 20.7500000000, 22.8599376678, 22.2852191925, Fault 0x, 22.2174873352
2026-07-23 17:21:08||20.7623596191, 20.5702819824, 20.6663208007, 20.6663208007, 21.0625000000, 21.1875000000, 21.0625000000, 20.7500000000, 22.8599376678, 22.3190860748, Fault 0x, 22.2515544891
2026-07-23 17:21:09||20.7623596191, 20.6663208007, 20.6663208007, 20.5702819824, 21.0625000000, 21.1875000000, 21.0625000000, 20.7500000000, 22.8599376678, 22.3190860748, Fault 0x, 22.2174873352
2026-07-23 17:21:11||20.7623596191, 20.6663208007, 20.6663208007, 20.5702819824, 21.0000000000, 21.2500000000, 21.1250000000, 20.7500000000, 22.8599376678, 22.3190860748, Fault 0x, 22.2174873352
2026-07-23 17:21:13||20.7623596191, 20.6663208007, 20.6663208007, 20.6663208007, 21.0625000000, 21.2500000000, 21.1250000000, 20.7500000000, 22.8599376678, 22.3190860748, Fault 0x, 22.2515544891
2026-07-23 17:21:15||20.7623596191, 20.6663208007, 20.6663208007, 20.5702819824, 21.0625000000, 21.2500000000, 21.0625000000, 20.7500000000, 22.8936023712, 22.3527507781, Fault 0x, 22.2515544891
2026-07-23 17:21:16||20.7623596191, 20.6663208007, 20.6663208007, 20.6663208007, 21.0000000000, 21.2500000000, 21.0625000000, 20.7500000000, 22.8599376678, 22.3190860748, Fault 0x, 22.2515544891
2026-07-23 17:21:18||20.7623596191, 20.6663208007, 20.7623596191, 20.6663208007, 21.0000000000, 21.1875000000, 21.1250000000, 20.8125000000, 22.8599376678, 22.3190860748, Fault 0x, 22.2174873352
2026-07-23 17:21:20||20.7623596191, 20.6663208007, 20.7623596191, 20.6663208007, 21.0000000000, 21.2500000000, 21.1250000000, 20.7500000000, 22.8936023712, 22.3527507781, Fault 0x, 22.2515544891
2026-07-23 17:21:22||20.7623596191, 20.6663208007, 20.7623596191, 20.6663208007, 21.0000000000, 21.2500000000, 21.1250000000, 20.7500000000, 22.8936023712, 22.3527507781, Fault 0x, 22.2852191925
2026-07-23 17:21:24||20.7623596191, 20.6663208007, 20.7623596191, 20.6663208007, 21.0625000000, 21.1875000000, 21.1250000000, 20.8125000000, 22.8936023712, 22.3866176605, Fault 0x, 22.2852191925
2026-07-23 17:21:25||20.8584289550, 20.6663208007, 20.7623596191, 20.6663208007, 21.0625000000, 21.1875000000, 21.1875000000, 20.8125000000, 22.8936023712, 22.3866176605, Fault 0x, 22.2852191925
2026-07-23 17:21:27||20.8584289550, 20.6663208007, 20.7623596191, 20.6663208007, 21.0625000000, 21.1875000000, 21.1250000000, 20.8125000000, 22.8936023712, 22.3527507781, Fault 0x, 22.2515544891
2026-07-23 17:21:29||20.8584289550, 20.6663208007, 20.7623596191, 20.6663208007, 21.0625000000, 21.2500000000, 21.1250000000, 20.8125000000, 22.8936023712, 22.3527507781, Fault 0x, 22.2852191925
2026-07-23 17:21:31||20.8584289550, 20.6663208007, 20.7623596191, 20.6663208007, 21.0625000000, 21.2500000000, 21.1250000000, 20.8125000000, 22.8936023712, 22.3527507781, Fault 0x, 22.2852191925
2026-07-23 17:21:32||20.8584289550, 20.6663208007, 20.7623596191, 20.6663208007, 21.0625000000, 21.3125000000, 21.1250000000, 20.8125000000, 22.8936023712, 22.3866176605, Fault 0x, 22.3190860748
2026-07-23 17:21:34||20.8584289550, 20.6663208007, 20.7623596191, 20.6663208007, 21.0625000000, 21.1875000000, 21.1875000000, 20.8125000000, 22.8936023712, 22.3866176605, Fault 0x, 22.2852191925
2026-07-23 17:21:36||20.8584289550, 20.6663208007, 20.7623596191, 20.6663208007, 21.1250000000, 21.2500000000, 21.1875000000, 20.8125000000, 22.9274692535, 22.3866176605, Fault 0x, 22.2852191925
2026-07-23 17:21:38||20.8584289550, 20.6663208007, 20.7623596191, 20.6663208007, 21.1250000000, 21.2500000000, 21.1875000000, 20.8125000000, 22.9274692535, 22.4204826354, Fault 0x, 22.2852191925
2026-07-23 17:21:40||20.8584289550, 20.7623596191, 20.7623596191, 20.6663208007, 21.1250000000, 21.2500000000, 21.1875000000, 20.8750000000, 22.9274692535, 22.3866176605, Fault 0x, 22.2852191925
2026-07-23 17:21:41||20.8584289550, 20.7623596191, 20.7623596191, 20.6663208007, 21.0625000000, 21.2500000000, 21.1875000000, 20.8125000000, 22.9274692535, 22.4204826354, Fault 0x, 22.3190860748
2026-07-23 17:21:43||20.8584289550, 20.6663208007, 20.7623596191, 20.6663208007, 21.0625000000, 21.2500000000, 21.1875000000, 20.8750000000, 22.9274692535, 22.3866176605, Fault 0x, 22.3190860748
2026-07-23 17:21:45||20.8584289550, 20.7623596191, 20.7623596191, 20.7623596191, 21.1250000000, 21.2500000000, 21.1875000000, 20.8750000000, 22.9274692535, 22.3866176605, Fault 0x, 22.3190860748
2026-07-23 17:21:47||20.8584289550, 20.7623596191, 20.7623596191, 20.6663208007, 21.1250000000, 21.2500000000, 21.1875000000, 20.8750000000, 22.9274692535, 22.3866176605, Fault 0x, 22.3190860748
2026-07-23 17:21:48||20.8584289550, 20.7623596191, 20.7623596191, 20.7623596191, 21.1250000000, 21.3125000000, 21.1250000000, 20.8125000000, 22.9274692535, 22.3866176605, Fault 0x, 22.3190860748
2026-07-23 17:21:50||20.8584289550, 20.7623596191, 20.7623596191, 20.7623596191, 21.1250000000, 21.2500000000, 21.1875000000, 20.8750000000, 22.9274692535, 22.4204826354, Fault 0x, 22.3190860748
2026-07-23 17:21:52||20.8584289550, 20.7623596191, 20.7623596191, 20.7623596191, 21.1250000000, 21.3125000000, 21.2500000000, 20.8750000000, 22.9613361358, 22.4204826354, Fault 0x, 22.3190860748
2026-07-23 17:21:54||20.8584289550, 20.7623596191, 20.7623596191, 20.7623596191, 21.1250000000, 21.3125000000, 21.1250000000, 20.8750000000, 22.9613361358, 22.4204826354, Fault 0x, 22.2852191925
2026-07-23 17:21:56||20.8584289550, 20.7623596191, 20.7623596191, 20.7623596191, 21.1250000000, 21.3125000000, 21.1875000000, 20.8750000000, 22.9950008392, 22.4204826354, Fault 0x, 22.3527507781
2026-07-23 17:21:57||20.8584289550, 20.7623596191, 20.7623596191, 20.7623596191, 21.1250000000, 21.2500000000, 21.1875000000, 20.8750000000, 22.9613361358, 22.4204826354, Fault 0x, 22.3190860748
2026-07-23 17:21:59||20.8584289550, 20.7623596191, 20.7623596191, 20.7623596191, 21.0625000000, 21.2500000000, 21.1875000000, 20.8125000000, 22.9274692535, 22.4204826354, Fault 0x, 22.3527507781
2026-07-23 17:22:01||20.8584289550, 20.7623596191, 20.7623596191, 20.7623596191, 21.1250000000, 21.2500000000, 21.1875000000, 20.8750000000, 22.9613361358, 22.4204826354, Fault 0x, 22.3190860748
2026-07-23 17:22:03||20.8584289550, 20.7623596191, 20.8584289550, 20.7623596191, 21.1250000000, 21.3125000000, 21.1875000000, 20.8750000000, 22.9613361358, 22.4204826354, Fault 0x, 22.3190860748
2026-07-23 17:22:04||20.8584289550, 20.7623596191, 20.8584289550, 20.7623596191, 21.1250000000, 21.2500000000, 21.1875000000, 20.8750000000, 22.9613361358, 22.4541473388, Fault 0x, 22.3527507781
2026-07-23 17:22:06||20.8584289550, 20.7623596191, 20.8584289550, 20.7623596191, 21.1250000000, 21.3125000000, 21.1875000000, 20.8750000000, 22.9613361358, 22.4541473388, Fault 0x, 22.3527507781
2026-07-23 17:22:08||20.8584289550, 20.7623596191, 20.8584289550, 20.7623596191, 21.1875000000, 21.3125000000, 21.1875000000, 20.8750000000, 22.9613361358, 22.4541473388, Fault 0x, 22.3527507781
2026-07-23 17:22:10||20.9545440673, 20.7623596191, 20.8584289550, 20.7623596191, 21.1875000000, 21.3125000000, 21.1875000000, 20.8750000000, 22.9950008392, 22.4541473388, Fault 0x, 22.3190860748
2026-07-23 17:22:11||20.8584289550, 20.7623596191, 20.8584289550, 20.7623596191, 21.1875000000, 21.3750000000, 21.2500000000, 20.8750000000, 22.9613361358, 22.4541473388, Fault 0x, 22.3866176605
2026-07-23 17:22:13||20.9545440673, 20.7623596191, 20.8584289550, 20.7623596191, 21.1250000000, 21.3125000000, 21.1875000000, 20.8750000000, 22.9950008392, 22.4541473388, Fault 0x, 22.3527507781
2026-07-23 17:22:15||20.9545440673, 20.7623596191, 20.8584289550, 20.7623596191, 21.1250000000, 21.3125000000, 21.2500000000, 20.9375000000, 22.9950008392, 22.4541473388, Fault 0x, 22.3866176605
2026-07-23 17:22:17||20.9545440673, 20.7623596191, 20.8584289550, 20.7623596191, 21.1875000000, 21.2500000000, 21.2500000000, 20.8750000000, 22.9950008392, 22.4880142211, Fault 0x, 22.3527507781
2026-07-23 17:22:19||20.9545440673, 20.7623596191, 20.8584289550, 20.7623596191, 21.1875000000, 21.3125000000, 21.1875000000, 20.8750000000, 22.9950008392, 22.4541473388, Fault 0x, 22.4204826354
2026-07-23 17:22:20||20.9545440673, 20.7623596191, 20.8584289550, 20.7623596191, 21.1250000000, 21.3125000000, 21.2500000000, 20.8750000000, 22.9950008392, 22.4541473388, Fault 0x, 22.3527507781
2026-07-23 17:22:22||20.9545440673, 20.8584289550, 20.8584289550, 20.7623596191, 21.1875000000, 21.3125000000, 21.2500000000, 20.8750000000, 22.9950008392, 22.4880142211, Fault 0x, 22.3527507781
2026-07-23 17:22:24||20.9545440673, 20.7623596191, 20.8584289550, 20.7623596191, 21.1875000000, 21.3125000000, 21.1875000000, 20.9375000000, 22.9950008392, 22.4880142211, Fault 0x, 22.3866176605
2026-07-23 17:22:26||20.9545440673, 20.8584289550, 20.8584289550, 20.7623596191, 21.1875000000, 21.3750000000, 21.1875000000, 20.9375000000, 23.0288658142, 22.4880142211, Fault 0x, 22.3866176605
2026-07-23 17:22:27||20.9545440673, 20.8584289550, 20.8584289550, 20.7623596191, 21.1875000000, 21.3750000000, 21.2500000000, 20.9375000000, 22.9950008392, 22.4541473388, Fault 0x, 22.3866176605
2026-07-23 17:22:29||20.9545440673, 20.8584289550, 20.8584289550, 20.8584289550, 21.1875000000, 21.3125000000, 21.2500000000, 20.9375000000, 23.0288658142, 22.5218811035, Fault 0x, 22.3866176605
2026-07-23 17:22:31||20.9545440673, 20.8584289550, 20.8584289550, 20.7623596191, 21.2500000000, 21.3125000000, 21.2500000000, 20.9375000000, 23.0288658142, 22.4880142211, Fault 0x, 22.3866176605
2026-07-23 17:22:33||20.9545440673, 20.8584289550, 20.8584289550, 20.8584289550, 21.2500000000, 21.3750000000, 21.2500000000, 20.8750000000, 22.9950008392, 22.4880142211, Fault 0x, 22.3866176605
2026-07-23 17:22:35||20.9545440673, 20.8584289550, 20.8584289550, 20.8584289550, 21.1875000000, 21.3125000000, 21.2500000000, 20.9375000000, 23.0288658142, 22.4880142211, Fault 0x, 22.3866176605
2026-07-23 17:22:36||20.9545440673, 20.8584289550, 20.8584289550, 20.8584289550, 21.1875000000, 21.3125000000, 21.2500000000, 20.9375000000, 23.0288658142, 22.4880142211, Fault 0x, 22.3866176605
2026-07-23 17:22:38||20.9545440673, 20.8584289550, 20.8584289550, 20.8584289550, 21.1875000000, 21.3125000000, 21.2500000000, 20.9375000000, 23.0288658142, 22.5218811035, Fault 0x, 22.3866176605
2026-07-23 17:22:40||20.9545440673, 20.8584289550, 20.8584289550, 20.8584289550, 21.1875000000, 21.3750000000, 21.2500000000, 20.9375000000, 23.0288658142, 22.4880142211, Fault 0x, 22.3866176605
2026-07-23 17:22:42||20.9545440673, 20.8584289550, 20.8584289550, 20.8584289550, 21.1875000000, 21.3750000000, 21.2500000000, 20.9375000000, 23.0288658142, 22.4880142211, Fault 0x, 22.4204826354
2026-07-23 17:22:43||20.9545440673, 20.8584289550, 20.8584289550, 20.8584289550, 21.1875000000, 21.3125000000, 21.2500000000, 20.9375000000, 23.0288658142, 22.5218811035, Fault 0x, 22.3866176605
2026-07-23 17:22:45||20.9545440673, 20.8584289550, 20.8584289550, 20.8584289550, 21.1875000000, 21.3750000000, 21.2500000000, 20.9375000000, 23.0625305175, 22.4880142211, Fault 0x, 22.4204826354
2026-07-23 17:22:47||20.9545440673, 20.8584289550, 20.8584289550, 20.8584289550, 21.1875000000, 21.3750000000, 21.2500000000, 20.9375000000, 23.0625305175, 22.5218811035, Fault 0x, 22.4204826354
2026-07-23 17:22:49||20.9545440673, 20.8584289550, 20.8584289550, 20.8584289550, 21.1875000000, 21.3750000000, 21.2500000000, 20.9375000000, 23.0288658142, 22.5218811035, Fault 0x, 22.3866176605
2026-07-23 17:22:51||20.9545440673, 20.8584289550, 20.8584289550, 20.8584289550, 21.2500000000, 21.3750000000, 21.2500000000, 20.9375000000, 23.0288658142, 22.4880142211, Fault 0x, 22.4204826354
2026-07-23 17:22:52||20.9545440673, 20.8584289550, 20.9545440673, 20.8584289550, 21.1875000000, 21.3125000000, 21.2500000000, 20.9375000000, 23.0288658142, 22.5218811035, Fault 0x, 22.4204826354
2026-07-23 17:22:54||20.9545440673, 20.8584289550, 20.8584289550, 20.8584289550, 21.1875000000, 21.3750000000, 21.3125000000, 20.9375000000, 23.0288658142, 22.5218811035, Fault 0x, 22.4204826354
2026-07-23 17:22:56||20.9545440673, 20.8584289550, 20.8584289550, 20.8584289550, 21.1875000000, 21.3750000000, 21.3125000000, 20.9375000000, 23.0288658142, 22.5218811035, Fault 0x, 22.4204826354
2026-07-23 17:22:58||20.9545440673, 20.8584289550, 20.9545440673, 20.8584289550, 21.2500000000, 21.3750000000, 21.2500000000, 20.9375000000, 23.0625305175, 22.5218811035, Fault 0x, 22.4204826354
2026-07-23 17:22:59||20.9545440673, 20.8584289550, 20.9545440673, 20.8584289550, 21.2500000000, 21.3750000000, 21.3125000000, 20.9375000000, 23.0625305175, 22.5218811035, Fault 0x, 22.4204826354
2026-07-23 17:23:01||20.9545440673, 20.8584289550, 20.9545440673, 20.8584289550, 21.2500000000, 21.3750000000, 21.2500000000, 20.9375000000, 23.0288658142, 22.5218811035, Fault 0x, 22.4204826354
2026-07-23 17:23:03||20.9545440673, 20.8584289550, 20.9545440673, 20.8584289550, 21.2500000000, 21.4375000000, 21.3125000000, 21.0000000000, 23.0625305175, 22.5218811035, Fault 0x, 22.4204826354
2026-07-23 17:23:05||20.9545440673, 20.8584289550, 20.9545440673, 20.8584289550, 21.2500000000, 21.3750000000, 21.2500000000, 20.9375000000, 23.0625305175, 22.5555458068, Fault 0x, 22.4204826354
2026-07-23 17:23:07||20.9545440673, 20.8584289550, 20.9545440673, 20.8584289550, 21.2500000000, 21.3750000000, 21.3125000000, 21.0000000000, 23.0625305175, 22.5218811035, Fault 0x, 22.4541473388
2026-07-23 17:23:08||21.0506591796, 20.8584289550, 20.9545440673, 20.8584289550, 21.2500000000, 21.3750000000, 21.2500000000, 20.9375000000, 23.0625305175, 22.5218811035, Fault 0x, 22.4204826354
2026-07-23 17:23:10||20.9545440673, 20.8584289550, 20.9545440673, 20.8584289550, 21.2500000000, 21.3750000000, 21.3125000000, 20.9375000000, 23.0625305175, 22.5555458068, Fault 0x, 22.4541473388
2026-07-23 17:23:12||21.0506591796, 20.8584289550, 20.9545440673, 20.8584289550, 21.2500000000, 21.4375000000, 21.3125000000, 20.9375000000, 23.0963973999, 22.5555458068, Fault 0x, 22.4541473388
2026-07-23 17:23:14||21.0506591796, 20.8584289550, 20.9545440673, 20.8584289550, 21.2500000000, 21.3750000000, 21.3125000000, 20.9375000000, 23.0625305175, 22.5555458068, Fault 0x, 22.4541473388
2026-07-23 17:23:15||21.0506591796, 20.8584289550, 20.9545440673, 20.8584289550, 21.1875000000, 21.4375000000, 21.3125000000, 20.9375000000, 23.0963973999, 22.5555458068, Fault 0x, 22.4541473388
2026-07-23 17:23:17||21.0506591796, 20.9545440673, 20.9545440673, 20.8584289550, 21.2500000000, 21.4375000000, 21.3125000000, 21.0000000000, 23.0963973999, 22.5555458068, Fault 0x, 22.4541473388
2026-07-23 17:23:19||21.0506591796, 20.9545440673, 20.9545440673, 20.8584289550, 21.2500000000, 21.4375000000, 21.3125000000, 21.0000000000, 23.0963973999, 22.5555458068, Fault 0x, 22.4541473388
2026-07-23 17:23:21||21.0506591796, 20.9545440673, 20.9545440673, 20.9545440673, 21.2500000000, 21.4375000000, 21.3125000000, 20.9375000000, 23.0963973999, 22.5894107818, Fault 0x, 22.4541473388
2026-07-23 17:23:23||21.0506591796, 20.9545440673, 20.9545440673, 20.9545440673, 21.2500000000, 21.3750000000, 21.3125000000, 20.9375000000, 23.0625305175, 22.5555458068, Fault 0x, 22.4880142211
