2026-07-23 17:03:20||20.9545440673, 20.8584289550, 20.9545440673, 20.8584289550, 21.2500000000, 21.5000000000, 21.3750000000, 21.1250000000, 22.8936023712, -212.4175720214, Fault 0x, 22.3190860748
2026-07-23 17:03:22||20.9545440673, 20.8584289550, 20.9545440673, 20.8584289550, 21.2500000000, 21.5000000000, 21.3750000000, 21.0625000000, 22.8936023712, -212.4776000976, Fault 0x, 22.3190860748
2026-07-23 17:03:24||20.9545440673, 20.8584289550, 20.9545440673, 20.8584289550, 21.2500000000, 21.5000000000, 21.3750000000, 21.0625000000, 22.8936023712, -212.6277008056, Fault 0x, 22.3190860748
2026-07-23 17:03:26||20.9545440673, 20.8584289550, 20.8584289550, 20.8584289550, 21.2500000000, 21.4375000000, 21.3125000000, 21.0625000000, 22.8936023712, -212.7177581787, Fault 0x, 22.2852191925
2026-07-23 17:03:28||20.9545440673, 20.8584289550, 20.8584289550, 20.8584289550, 21.2500000000, 21.5000000000, 21.3125000000, 21.0625000000, 22.8599376678, -212.7777709960, Fault 0x, 22.2852191925
2026-07-23 17:03:29||20.9545440673, 20.8584289550, 20.8584289550, 20.8584289550, 21.2500000000, 21.5000000000, 21.3125000000, 21.1250000000, 22.8599376678, -212.9578552246, Fault 0x, 22.2852191925
2026-07-23 17:03:31||20.9545440673, 20.8584289550, 20.9545440673, 20.7623596191, 21.2500000000, 21.5000000000, 21.3750000000, 21.0625000000, 22.8936023712, -213.0178833007, Fault 0x, 22.3190860748
2026-07-23 17:03:33||20.9545440673, 20.8584289550, 20.8584289550, 20.7623596191, 21.2500000000, 21.5625000000, 21.3125000000, 21.0625000000, 22.8599376678, -213.1079101562, Fault 0x, 22.2852191925
2026-07-23 17:03:35||20.9545440673, 20.8584289550, 20.8584289550, 20.7623596191, 21.2500000000, 21.5000000000, 21.3750000000, 21.0625000000, 22.8599376678, -213.2279052734, Fault 0x, 22.2852191925
2026-07-23 17:03:36||20.9545440673, 20.8584289550, 20.8584289550, 20.7623596191, 21.2500000000, 21.5000000000, 21.3125000000, 21.0625000000, 22.8260726928, -213.2579040527, Fault 0x, 22.2852191925
2026-07-23 17:03:38||20.9545440673, 20.8584289550, 20.8584289550, 20.7623596191, 21.2500000000, 21.5000000000, 21.3125000000, 21.0625000000, 22.8260726928, -213.4678802490, Fault 0x, 22.2852191925
2026-07-23 17:03:40||20.9545440673, 20.8584289550, 20.8584289550, 20.7623596191, 21.2500000000, 21.5000000000, 21.3750000000, 21.0625000000, 22.8260726928, -213.5878753662, Fault 0x, 22.2515544891
2026-07-23 17:03:42||20.9545440673, 20.8584289550, 20.8584289550, 20.7623596191, 21.2500000000, 21.4375000000, 21.3125000000, 21.0000000000, 22.8599376678, -213.6478424072, Fault 0x, 22.2515544891
2026-07-23 17:03:44||20.9545440673, 20.8584289550, 20.8584289550, 20.7623596191, 21.1875000000, 21.5000000000, 21.3125000000, 21.0625000000, 22.8260726928, -213.7078247070, Fault 0x, 22.2852191925
2026-07-23 17:03:45||20.8584289550, 20.8584289550, 20.8584289550, 20.7623596191, 21.2500000000, 21.5000000000, 21.3125000000, 21.0625000000, 22.8260726928, -213.7677917480, Fault 0x, 22.2515544891
2026-07-23 17:03:47||20.8584289550, 20.7623596191, 20.8584289550, 20.7623596191, 21.2500000000, 21.5000000000, 21.3125000000, 21.0625000000, 22.8260726928, -213.8577575683, Fault 0x, 22.2852191925
2026-07-23 17:03:49||20.8584289550, 20.7623596191, 20.8584289550, 20.7623596191, 21.1875000000, 21.5000000000, 21.3125000000, 21.0625000000, 22.8260726928, -213.8877563476, Fault 0x, 22.2515544891
2026-07-23 17:03:51||20.8584289550, 20.7623596191, 20.8584289550, 20.7623596191, 21.1875000000, 21.4375000000, 21.3125000000, 21.0625000000, 22.7922058105, -213.8877563476, Fault 0x, 22.2852191925
2026-07-23 17:03:52||20.8584289550, 20.7623596191, 20.8584289550, 20.7623596191, 21.1875000000, 21.4375000000, 21.3125000000, 21.0625000000, 22.7922058105, -213.9776916503, Fault 0x, 22.2852191925
2026-07-23 17:03:54||20.8584289550, 20.7623596191, 20.8584289550, 20.7623596191, 21.1875000000, 21.4375000000, 21.3125000000, 21.0625000000, 22.7922058105, -213.9477081298, Fault 0x, 22.2515544891
2026-07-23 17:03:56||20.8584289550, 20.7623596191, 20.8584289550, 20.7623596191, 21.2500000000, 21.3750000000, 21.3125000000, 21.0625000000, 22.8260726928, -213.9477081298, Fault 0x, 22.2852191925
2026-07-23 17:03:58||20.8584289550, 20.7623596191, 20.8584289550, 20.7623596191, 21.2500000000, 21.4375000000, 21.3125000000, 21.0000000000, 22.8260726928, -214.0376586914, Fault 0x, 22.2515544891
2026-07-23 17:04:00||20.8584289550, 20.7623596191, 20.8584289550, 20.7623596191, 21.2500000000, 21.4375000000, 21.3125000000, 21.0625000000, 22.8260726928, -214.0376586914, Fault 0x, 22.2515544891
2026-07-23 17:04:01||20.8584289550, 20.7623596191, 20.8584289550, 20.7623596191, 21.1875000000, 21.4375000000, 21.3125000000, 21.0000000000, 22.8260726928, -214.0376586914, Fault 0x, 22.2515544891
2026-07-23 17:04:03||20.8584289550, 20.7623596191, 20.8584289550, 20.7623596191, 21.2500000000, 21.4375000000, 21.3125000000, 21.0000000000, 22.8260726928, -214.0975952148, Fault 0x, 22.2852191925
2026-07-23 17:04:05||20.8584289550, 20.7623596191, 20.8584289550, 20.7623596191, 21.2500000000, 21.4375000000, 21.3125000000, 21.0000000000, 22.8260726928, -214.0975952148, Fault 0x, 22.2515544891
2026-07-23 17:04:07||20.8584289550, 20.7623596191, 20.8584289550, 20.7623596191, 21.2500000000, 21.4375000000, 21.3125000000, 21.0000000000, 22.8260726928, -214.1575469970, Fault 0x, 22.2515544891
2026-07-23 17:04:08||20.8584289550, 20.7623596191, 20.8584289550, 20.7623596191, 21.2500000000, 21.4375000000, 21.3125000000, 21.0625000000, 22.7922058105, -214.1875457763, Fault 0x, 22.2515544891
2026-07-23 17:04:10||20.8584289550, 20.7623596191, 20.8584289550, 20.7623596191, 21.2500000000, 21.4375000000, 21.3125000000, 21.0000000000, 22.7922058105, -214.2175292968, Fault 0x, 22.2515544891
2026-07-23 17:04:12||20.8584289550, 20.7623596191, 20.8584289550, 20.7623596191, 21.2500000000, 21.4375000000, 21.3125000000, 21.0000000000, 22.7922058105, -214.2474975585, Fault 0x, 22.2515544891
2026-07-23 17:04:14||20.8584289550, 20.7623596191, 20.8584289550, 20.7623596191, 21.2500000000, 21.4375000000, 21.3125000000, 21.0000000000, 22.7922058105, -214.2474975585, Fault 0x, 22.2174873352
2026-07-23 17:04:16||20.8584289550, 20.7623596191, 20.7623596191, 20.7623596191, 21.1875000000, 21.3750000000, 21.2500000000, 21.0000000000, 22.8260726928, -214.2474975585, Fault 0x, 22.2174873352
2026-07-23 17:04:17||20.8584289550, 20.7623596191, 20.7623596191, 20.7623596191, 21.2500000000, 21.4375000000, 21.2500000000, 21.0000000000, 22.7922058105, -214.1275787353, Fault 0x, 22.2174873352
2026-07-23 17:04:19||20.8584289550, 20.7623596191, 20.7623596191, 20.7623596191, 21.1875000000, 21.4375000000, 21.2500000000, 21.0000000000, 22.7922058105, -214.1275787353, Fault 0x, 22.2174873352
2026-07-23 17:04:21||20.8584289550, 20.7623596191, 20.7623596191, 20.7623596191, 21.1875000000, 21.4375000000, 21.2500000000, 21.0000000000, 22.7583389282, -214.1275787353, Fault 0x, 22.2515544891
2026-07-23 17:04:23||20.8584289550, 20.7623596191, 20.7623596191, 20.7623596191, 21.1875000000, 21.4375000000, 21.2500000000, 21.0000000000, 22.7922058105, -214.0975952148, Fault 0x, 22.2174873352
2026-07-23 17:04:24||20.8584289550, 20.7623596191, 20.7623596191, 20.7623596191, 21.2500000000, 21.4375000000, 21.2500000000, 20.9375000000, 22.7583389282, -214.0676269531, Fault 0x, 22.2174873352
2026-07-23 17:04:26||20.8584289550, 20.7623596191, 20.7623596191, 20.7623596191, 21.1875000000, 21.4375000000, 21.2500000000, 21.0000000000, 22.7922058105, -214.0376586914, Fault 0x, 22.2174873352
2026-07-23 17:04:28||20.8584289550, 20.7623596191, 20.7623596191, 20.7623596191, 21.1875000000, 21.4375000000, 21.2500000000, 21.0000000000, 22.7922058105, -214.0376586914, Fault 0x, 22.2174873352
2026-07-23 17:04:30||20.8584289550, 20.7623596191, 20.7623596191, 20.6663208007, 21.1875000000, 21.4375000000, 21.2500000000, 20.9375000000, 22.7922058105, -214.0076599121, Fault 0x, 22.2174873352
2026-07-23 17:04:32||20.8584289550, 20.7623596191, 20.7623596191, 20.6663208007, 21.1875000000, 21.3750000000, 21.2500000000, 21.0000000000, 22.7922058105, -214.0376586914, Fault 0x, 22.2174873352
2026-07-23 17:04:33||20.8584289550, 20.7623596191, 20.7623596191, 20.7623596191, 21.1875000000, 21.3750000000, 21.2500000000, 21.0000000000, 22.7922058105, -213.8577575683, Fault 0x, 22.2174873352
2026-07-23 17:04:35||20.8584289550, 20.7623596191, 20.7623596191, 20.6663208007, 21.1875000000, 21.4375000000, 21.2500000000, 20.9375000000, 22.7922058105, -213.8577575683, Fault 0x, 22.1838226318
2026-07-23 17:04:37||20.8584289550, 20.7623596191, 20.7623596191, 20.7623596191, 21.1875000000, 21.4375000000, 21.2500000000, 21.0000000000, 22.7922058105, -213.7977905273, Fault 0x, 22.1838226318
2026-07-23 17:04:39||20.8584289550, 20.7623596191, 20.7623596191, 20.7623596191, 21.1875000000, 21.3750000000, 21.2500000000, 21.0000000000, 22.7922058105, -213.6178588867, Fault 0x, 22.2174873352
2026-07-23 17:04:40||20.8584289550, 20.7623596191, 20.7623596191, 20.7623596191, 21.2500000000, 21.3750000000, 21.2500000000, 21.0000000000, 22.7922058105, -213.4678802490, Fault 0x, 22.2174873352
2026-07-23 17:04:42||20.8584289550, 20.7623596191, 20.7623596191, 20.7623596191, 21.2500000000, 21.3750000000, 21.2500000000, 21.0000000000, 22.7922058105, -213.5278778076, Fault 0x, 22.2174873352
2026-07-23 17:04:44||20.8584289550, 20.7623596191, 20.7623596191, 20.6663208007, 21.1875000000, 21.3750000000, 21.2500000000, 21.0000000000, 22.7922058105, -213.5578765869, Fault 0x, 22.2174873352
2026-07-23 17:04:46||20.8584289550, 20.7623596191, 20.7623596191, 20.7623596191, 21.1875000000, 21.3750000000, 21.2500000000, 21.0000000000, 22.7922058105, -213.6178588867, Fault 0x, 22.1838226318
2026-07-23 17:04:48||20.8584289550, 20.7623596191, 20.7623596191, 20.7623596191, 21.1875000000, 21.4375000000, 21.2500000000, 20.9375000000, 22.7922058105, -213.6178588867, Fault 0x, 22.2174873352
2026-07-23 17:04:49||20.8584289550, 20.7623596191, 20.7623596191, 20.6663208007, 21.1875000000, 21.3750000000, 21.3125000000, 21.0000000000, 22.7922058105, -213.5878753662, Fault 0x, 22.2174873352
2026-07-23 17:04:51||20.8584289550, 20.7623596191, 20.7623596191, 20.6663208007, 21.1875000000, 21.3750000000, 21.2500000000, 21.0000000000, 22.7922058105, -213.6778259277, Fault 0x, 22.1838226318
2026-07-23 17:04:53||20.8584289550, 20.7623596191, 20.7623596191, 20.7623596191, 21.1875000000, 21.4375000000, 21.2500000000, 21.0000000000, 22.7922058105, -213.6778259277, Fault 0x, 22.1838226318
2026-07-23 17:04:55||20.8584289550, 20.7623596191, 20.7623596191, 20.6663208007, 21.1875000000, 21.3750000000, 21.2500000000, 20.9375000000, 22.7583389282, -213.7677917480, Fault 0x, 22.2174873352
2026-07-23 17:04:56||20.8584289550, 20.7623596191, 20.7623596191, 20.6663208007, 21.1875000000, 21.3750000000, 21.2500000000, 20.9375000000, 22.7922058105, -213.8277893066, Fault 0x, 22.1838226318
2026-07-23 17:04:58||20.8584289550, 20.7623596191, 20.7623596191, 20.6663208007, 21.1875000000, 21.3750000000, 21.2500000000, 20.9375000000, 22.7583389282, -213.8877563476, Fault 0x, 22.2174873352
2026-07-23 17:05:00||20.8584289550, 20.7623596191, 20.7623596191, 20.6663208007, 21.1250000000, 21.3750000000, 21.2500000000, 20.9375000000, 22.7583389282, -213.9776916503, Fault 0x, 22.2174873352
2026-07-23 17:05:02||20.8584289550, 20.7623596191, 20.7623596191, 20.6663208007, 21.1875000000, 21.3750000000, 21.2500000000, 20.9375000000, 22.7922058105, -213.8877563476, Fault 0x, 22.2174873352
2026-07-23 17:05:04||20.8584289550, 20.7623596191, 20.7623596191, 20.6663208007, 21.1875000000, 21.3750000000, 21.1875000000, 20.9375000000, 22.7922058105, -214.2175292968, Fault 0x, 22.1838226318
2026-07-23 17:05:05||20.8584289550, 20.7623596191, 20.7623596191, 20.6663208007, 21.1875000000, 21.3750000000, 21.2500000000, 21.0000000000, 22.7583389282, -214.2774658203, Fault 0x, 22.1838226318
2026-07-23 17:05:07||20.8584289550, 20.7623596191, 20.7623596191, 20.6663208007, 21.1875000000, 21.3750000000, 21.2500000000, 20.9375000000, 22.7583389282, -214.3074188232, Fault 0x, 22.1499557495
2026-07-23 17:05:09||20.8584289550, 20.7623596191, 20.7623596191, 20.6663208007, 21.1250000000, 21.3750000000, 21.1875000000, 20.9375000000, 22.7583389282, -214.3673858642, Fault 0x, 22.1838226318
2026-07-23 17:05:11||20.8584289550, 20.7623596191, 20.7623596191, 20.6663208007, 21.1875000000, 21.3750000000, 21.2500000000, 20.9375000000, 22.7583389282, -214.4572753906, Fault 0x, 22.1838226318
2026-07-23 17:05:12||20.8584289550, 20.6663208007, 20.7623596191, 20.6663208007, 21.1875000000, 21.3750000000, 21.2500000000, 20.9375000000, 22.7583389282, -214.4572753906, Fault 0x, 22.1838226318
2026-07-23 17:05:14||20.8584289550, 20.6663208007, 20.7623596191, 20.6663208007, 21.1250000000, 21.3750000000, 21.2500000000, 20.9375000000, 22.7583389282, -214.5471801757, Fault 0x, 22.1499557495
2026-07-23 17:05:16||20.8584289550, 20.6663208007, 20.7623596191, 20.6663208007, 21.1250000000, 21.3125000000, 21.2500000000, 20.9375000000, 22.7583389282, -214.6370544433, Fault 0x, 22.1499557495
2026-07-23 17:05:18||20.8584289550, 20.6663208007, 20.7623596191, 20.6663208007, 21.1250000000, 21.3750000000, 21.2500000000, 20.9375000000, 22.7246742248, -214.6670379638, Fault 0x, 22.1838226318
2026-07-23 17:05:20||20.8584289550, 20.6663208007, 20.7623596191, 20.6663208007, 21.1250000000, 21.3750000000, 21.2500000000, 20.9375000000, 22.7922058105, -214.7269592285, Fault 0x, 22.1499557495
2026-07-23 17:05:21||20.7623596191, 20.6663208007, 20.7623596191, 20.6663208007, 21.1875000000, 21.3750000000, 21.2500000000, 20.9375000000, 22.7246742248, -214.7868652343, Fault 0x, 22.1499557495
2026-07-23 17:05:23||20.7623596191, 20.6663208007, 20.7623596191, 20.6663208007, 21.1250000000, 21.3750000000, 21.1875000000, 20.9375000000, 22.7583389282, -214.8168487548, Fault 0x, 22.1499557495
2026-07-23 17:05:25||20.7623596191, 20.6663208007, 20.7623596191, 20.6663208007, 21.1250000000, 21.3125000000, 21.2500000000, 20.9375000000, 22.7583389282, -214.8467864990, Fault 0x, 22.1499557495
2026-07-23 17:05:27||20.7623596191, 20.6663208007, 20.7623596191, 20.6663208007, 21.1250000000, 21.3750000000, 21.2500000000, 20.9375000000, 22.7583389282, -214.9366607666, Fault 0x, 22.1499557495
2026-07-23 17:05:28||20.7623596191, 20.6663208007, 20.7623596191, 20.6663208007, 21.1250000000, 21.3125000000, 21.1875000000, 20.9375000000, 22.7246742248, -215.0265350341, Fault 0x, 22.1160907745
2026-07-23 17:05:30||20.7623596191, 20.6663208007, 20.7623596191, 20.6663208007, 21.1875000000, 21.3125000000, 21.1875000000, 20.9375000000, 22.6908092498, -215.0564727783, Fault 0x, 22.1160907745
2026-07-23 17:05:32||20.7623596191, 20.6663208007, 20.7623596191, 20.6663208007, 21.1250000000, 21.3750000000, 21.1875000000, 20.9375000000, 22.7246742248, -215.1762847900, Fault 0x, 22.1499557495
2026-07-23 17:05:34||20.7623596191, 20.6663208007, 20.7623596191, 20.6663208007, 21.1250000000, 21.3125000000, 21.2500000000, 20.9375000000, 22.6908092498, -215.2062225341, Fault 0x, 22.1160907745
2026-07-23 17:05:35||20.7623596191, 20.6663208007, 20.7623596191, 20.6663208007, 21.1250000000, 21.3750000000, 21.1875000000, 20.9375000000, 22.7246742248, -215.3260040283, Fault 0x, 22.0824260711
2026-07-23 17:05:37||20.7623596191, 20.6663208007, 20.7623596191, 20.6663208007, 21.1250000000, 21.3125000000, 21.1875000000, 20.8750000000, 22.7246742248, -215.3260040283, Fault 0x, 22.1499557495
2026-07-23 17:05:39||20.7623596191, 20.6663208007, 20.7623596191, 20.6663208007, 21.1250000000, 21.3125000000, 21.1875000000, 20.8750000000, 22.6908092498, -215.4158477783, Fault 0x, 22.1499557495
2026-07-23 17:05:41||20.7623596191, 20.6663208007, 20.7623596191, 20.6663208007, 21.1250000000, 21.3125000000, 21.1875000000, 20.9375000000, 22.6908092498, -215.4757385253, Fault 0x, 22.1160907745
2026-07-23 17:05:43||20.7623596191, 20.6663208007, 20.6663208007, 20.5702819824, 21.1250000000, 21.3750000000, 21.1875000000, 20.9375000000, 22.6908092498, -215.5355834960, Fault 0x, 22.1160907745
2026-07-23 17:05:44||20.7623596191, 20.6663208007, 20.6663208007, 20.5702819824, 21.1250000000, 21.3125000000, 21.1875000000, 20.9375000000, 22.6908092498, -215.6254119873, Fault 0x, 22.1499557495
2026-07-23 17:05:46||20.7623596191, 20.6663208007, 20.6663208007, 20.5702819824, 21.1250000000, 21.3125000000, 21.1875000000, 20.8750000000, 22.6908092498, -215.6553497314, Fault 0x, 22.1160907745
2026-07-23 17:05:48||20.7623596191, 20.6663208007, 20.7623596191, 20.5702819824, 21.1250000000, 21.3125000000, 21.1875000000, 20.9375000000, 22.6908092498, -215.6254119873, Fault 0x, 22.1160907745
2026-07-23 17:05:50||20.7623596191, 20.6663208007, 20.6663208007, 20.5702819824, 21.1250000000, 21.3125000000, 21.1875000000, 20.9375000000, 22.6908092498, -215.7152099609, Fault 0x, 22.1160907745
2026-07-23 17:05:51||20.7623596191, 20.6663208007, 20.6663208007, 20.5702819824, 21.1250000000, 21.3125000000, 21.1875000000, 20.8750000000, 22.6569423675, -215.7451477050, Fault 0x, 22.0824260711
2026-07-23 17:05:53||20.7623596191, 20.6663208007, 20.6663208007, 20.5702819824, 21.1250000000, 21.3125000000, 21.1250000000, 20.8750000000, 22.6908092498, -215.7750701904, Fault 0x, 22.0824260711
2026-07-23 17:05:55||20.7623596191, 20.6663208007, 20.6663208007, 20.5702819824, 21.1250000000, 21.3125000000, 21.1875000000, 20.9375000000, 22.6569423675, -215.8948059082, Fault 0x, 22.0824260711
2026-07-23 17:05:57||20.7623596191, 20.6663208007, 20.6663208007, 20.5702819824, 21.1250000000, 21.3125000000, 21.1875000000, 20.8750000000, 22.6908092498, -215.9247131347, Fault 0x, 22.0824260711
2026-07-23 17:05:59||20.7623596191, 20.5702819824, 20.6663208007, 20.5702819824, 21.1250000000, 21.2500000000, 21.1250000000, 20.8750000000, 22.6908092498, -215.9845733642, Fault 0x, 22.0824260711
2026-07-23 17:06:00||20.7623596191, 20.6663208007, 20.6663208007, 20.5702819824, 21.0625000000, 21.2500000000, 21.1250000000, 20.8750000000, 22.6908092498, -216.0444335937, Fault 0x, 22.0485591888
2026-07-23 17:06:02||20.7623596191, 20.6663208007, 20.6663208007, 20.5702819824, 21.0625000000, 21.2500000000, 21.1875000000, 20.8750000000, 22.6908092498, -216.1940460205, Fault 0x, 22.0824260711
2026-07-23 17:06:04||20.7623596191, 20.6663208007, 20.6663208007, 20.5702819824, 21.0625000000, 21.2500000000, 21.1250000000, 20.8750000000, 22.6908092498, -216.2239685058, Fault 0x, 22.0824260711
2026-07-23 17:06:06||20.7623596191, 20.5702819824, 20.6663208007, 20.5702819824, 21.0625000000, 21.3125000000, 21.1875000000, 20.8750000000, 22.6908092498, -216.3137054443, Fault 0x, 22.0824260711
2026-07-23 17:06:07||20.7623596191, 20.5702819824, 20.6663208007, 20.5702819824, 21.0625000000, 21.3125000000, 21.1875000000, 20.8750000000, 22.6908092498, -216.3137054443, Fault 0x, 22.0485591888
2026-07-23 17:06:09||20.7623596191, 20.5702819824, 20.6663208007, 20.5702819824, 21.0625000000, 21.3125000000, 21.1875000000, 20.8750000000, 22.6908092498, -216.4932098388, Fault 0x, 22.0485591888
2026-07-23 17:06:11||20.7623596191, 20.5702819824, 20.6663208007, 20.5702819824, 21.1250000000, 21.3125000000, 21.1250000000, 20.8750000000, 22.6908092498, -216.5530242919, Fault 0x, 22.0485591888
2026-07-23 17:06:13||20.6663208007, 20.5702819824, 20.6663208007, 20.5702819824, 21.0625000000, 21.3125000000, 21.1250000000, 20.8750000000, 22.6569423675, -216.6427459716, Fault 0x, 22.0485591888
2026-07-23 17:06:15||20.6663208007, 20.5702819824, 20.6663208007, 20.5702819824, 21.0625000000, 21.2500000000, 21.1875000000, 20.8750000000, 22.7246742248, -216.7922668457, Fault 0x, 22.0485591888
2026-07-23 17:06:16||20.6663208007, 20.5702819824, 20.6663208007, 20.5702819824, 21.0625000000, 21.2500000000, 21.1250000000, 20.8750000000, 22.6908092498, -216.8221740722, Fault 0x, 22.0824260711
2026-07-23 17:06:18||20.6663208007, 20.5702819824, 20.6663208007, 20.5702819824, 21.0625000000, 21.2500000000, 21.1250000000, 20.8750000000, 22.6908092498, -216.8819885253, Fault 0x, 22.0485591888
2026-07-23 17:06:20||20.6663208007, 20.5702819824, 20.6663208007, 20.5702819824, 21.0625000000, 21.3125000000, 21.1250000000, 20.8750000000, 22.6908092498, -216.9417724609, Fault 0x, 22.0485591888
2026-07-23 17:06:22||20.6663208007, 20.5702819824, 20.6663208007, 20.5702819824, 21.0625000000, 21.3125000000, 21.1250000000, 20.8750000000, 22.6908092498, -217.0912780761, Fault 0x, 22.0485591888
2026-07-23 17:06:23||20.6663208007, 20.5702819824, 20.6663208007, 20.5702819824, 21.0625000000, 21.3125000000, 21.1875000000, 20.8750000000, 22.6908092498, -217.0912780761, Fault 0x, 22.0485591888
2026-07-23 17:06:25||20.6663208007, 20.5702819824, 20.6663208007, 20.5702819824, 21.0625000000, 21.2500000000, 21.1250000000, 20.8750000000, 22.6908092498, -217.2108459472, Fault 0x, 22.0824260711
2026-07-23 17:06:27||20.6663208007, 20.5702819824, 20.6663208007, 20.5702819824, 21.0625000000, 21.3125000000, 21.1250000000, 20.8125000000, 22.6908092498, -217.2407379150, Fault 0x, 22.0485591888
2026-07-23 17:06:29||20.6663208007, 20.5702819824, 20.6663208007, 20.5702819824, 21.0625000000, 21.3125000000, 21.1250000000, 20.8125000000, 22.6908092498, -217.3005065917, Fault 0x, 22.0824260711
2026-07-23 17:06:31||20.6663208007, 20.5702819824, 20.6663208007, 20.5702819824, 21.0625000000, 21.2500000000, 21.1875000000, 20.8750000000, 22.6908092498, -217.3005065917, Fault 0x, 22.0485591888
2026-07-23 17:06:32||20.6663208007, 20.5702819824, 20.6663208007, 20.5702819824, 21.0000000000, 21.3125000000, 21.1250000000, 20.8750000000, 22.6908092498, -217.3901824951, Fault 0x, 22.0485591888
2026-07-23 17:06:34||20.6663208007, 20.5702819824, 20.6663208007, 20.5702819824, 21.0625000000, 21.3125000000, 21.1250000000, 20.8750000000, 22.7246742248, -217.3602905273, Fault 0x, 22.0485591888
2026-07-23 17:06:36||20.6663208007, 20.5702819824, 20.6663208007, 20.5702819824, 21.0625000000, 21.2500000000, 21.1250000000, 20.8750000000, 22.6908092498, -217.4798278808, Fault 0x, 22.0824260711
2026-07-23 17:06:38||20.6663208007, 20.5702819824, 20.6663208007, 20.5702819824, 21.0625000000, 21.2500000000, 21.1250000000, 20.8750000000, 22.6908092498, -217.5395965576, Fault 0x, 22.0485591888
2026-07-23 17:06:39||20.6663208007, 20.5702819824, 20.6663208007, 20.5702819824, 21.0000000000, 21.3125000000, 21.1250000000, 20.8125000000, 22.6569423675, -217.5695037841, Fault 0x, 22.0824260711
2026-07-23 17:06:41||20.6663208007, 20.5702819824, 20.6663208007, 20.5702819824, 21.0625000000, 21.2500000000, 21.1250000000, 20.8750000000, 22.6908092498, -217.6591186523, Fault 0x, 22.0485591888
2026-07-23 17:06:43||20.7623596191, 20.5702819824, 20.6663208007, 20.5702819824, 21.0625000000, 21.2500000000, 21.1250000000, 20.8125000000, 22.6569423675, -217.7487792968, Fault 0x, 22.0485591888
2026-07-23 17:06:45||20.6663208007, 20.5702819824, 20.6663208007, 20.5702819824, 21.0625000000, 21.2500000000, 21.1250000000, 20.8125000000, 22.6569423675, -217.7786712646, Fault 0x, 22.0146923065
2026-07-23 17:06:47||20.6663208007, 20.5702819824, 20.6663208007, 20.5702819824, 21.0625000000, 21.3125000000, 21.1875000000, 20.8125000000, 22.6908092498, -217.8085174560, Fault 0x, 22.0485591888
2026-07-23 17:06:48||20.6663208007, 20.5702819824, 20.6663208007, 20.5702819824, 21.0000000000, 21.3125000000, 21.1875000000, 20.8125000000, 22.6569423675, -217.8981475830, Fault 0x, 22.0485591888
2026-07-23 17:06:50||20.6663208007, 20.5702819824, 20.6663208007, 20.5702819824, 21.0625000000, 21.2500000000, 21.1250000000, 20.8125000000, 22.6569423675, -217.9578857421, Fault 0x, 22.0485591888
2026-07-23 17:06:52||20.6663208007, 20.5702819824, 20.6663208007, 20.5702819824, 21.0625000000, 21.2500000000, 21.1250000000, 20.8125000000, 22.6569423675, -218.0475006103, Fault 0x, 22.0485591888
2026-07-23 17:06:54||20.6663208007, 20.5702819824, 20.6663208007, 20.5702819824, 21.0625000000, 21.2500000000, 21.1250000000, 20.8125000000, 22.6569423675, -218.0773773193, Fault 0x, 22.0146923065
2026-07-23 17:06:55||20.6663208007, 20.5702819824, 20.6663208007, 20.5702819824, 21.0625000000, 21.3125000000, 21.1250000000, 20.8125000000, 22.6569423675, -218.1370849609, Fault 0x, 22.0485591888
2026-07-23 17:06:57||20.6663208007, 20.5702819824, 20.6663208007, 20.5702819824, 21.0625000000, 21.2500000000, 21.0625000000, 20.8125000000, 22.6569423675, -218.1669769287, Fault 0x, 22.0146923065
2026-07-23 17:06:59||20.6663208007, 20.5702819824, 20.6663208007, 20.5702819824, 21.0625000000, 21.2500000000, 21.1250000000, 20.8125000000, 22.6569423675, -218.2266998291, Fault 0x, 22.0485591888
2026-07-23 17:07:01||20.6663208007, 20.5702819824, 20.6663208007, 20.5702819824, 21.0000000000, 21.2500000000, 21.0625000000, 20.8125000000, 22.6569423675, -218.2565612792, Fault 0x, 22.0485591888
2026-07-23 17:07:03||20.6663208007, 20.5702819824, 20.6663208007, 20.5702819824, 21.0625000000, 21.2500000000, 21.1250000000, 20.8125000000, 22.6569423675, -218.2565612792, Fault 0x, 22.0485591888
2026-07-23 17:07:04||20.6663208007, 20.5702819824, 20.6663208007, 20.4742584228, 21.0000000000, 21.2500000000, 21.1250000000, 20.8125000000, 22.6232776641, -218.2864227294, Fault 0x, 22.0824260711
2026-07-23 17:07:06||20.6663208007, 20.5702819824, 20.6663208007, 20.4742584228, 21.0000000000, 21.2500000000, 21.1250000000, 20.8125000000, 22.6569423675, -218.3162994384, Fault 0x, 22.0485591888
2026-07-23 17:07:08||20.6663208007, 20.5702819824, 20.6663208007, 20.5702819824, 21.0625000000, 21.2500000000, 21.1250000000, 20.8125000000, 22.6569423675, -218.3162994384, Fault 0x, 22.0485591888
2026-07-23 17:07:10||20.6663208007, 20.5702819824, 20.6663208007, 20.5702819824, 21.0000000000, 21.2500000000, 21.1250000000, 20.8125000000, 22.6569423675, -218.3162994384, Fault 0x, 22.0485591888
2026-07-23 17:07:11||20.6663208007, 20.5702819824, 20.6663208007, 20.5702819824, 21.0000000000, 21.2500000000, 21.1250000000, 20.8125000000, 22.6569423675, -218.4058685302, Fault 0x, 22.0824260711
2026-07-23 17:07:13||20.6663208007, 20.5702819824, 20.6663208007, 20.4742584228, 21.0000000000, 21.2500000000, 21.1250000000, 20.8125000000, 22.6232776641, -218.4655761718, Fault 0x, 22.0824260711
2026-07-23 17:07:15||20.6663208007, 20.5702819824, 20.6663208007, 20.5702819824, 21.0625000000, 21.2500000000, 21.1250000000, 20.8125000000, 22.6569423675, -218.4058685302, Fault 0x, 22.0824260711
2026-07-23 17:07:17||20.6663208007, 20.5702819824, 20.6663208007, 20.5702819824, 21.0000000000, 21.2500000000, 21.1250000000, 20.8125000000, 22.6569423675, -218.4357299804, Fault 0x, 22.0824260711
2026-07-23 17:07:19||20.6663208007, 20.5702819824, 20.6663208007, 20.4742584228, 21.0000000000, 21.2500000000, 21.1250000000, 20.8125000000, 22.6569423675, -218.5252838134, Fault 0x, 22.0824260711
2026-07-23 17:07:20||20.6663208007, 20.5702819824, 20.6663208007, 20.4742584228, 21.0000000000, 21.2500000000, 21.1250000000, 20.8125000000, 22.6569423675, -218.4655761718, Fault 0x, 22.0824260711
2026-07-23 17:07:22||20.6663208007, 20.5702819824, 20.6663208007, 20.5702819824, 21.0625000000, 21.2500000000, 21.1250000000, 20.8125000000, 22.6232776641, -218.5551605224, Fault 0x, 22.0824260711
2026-07-23 17:07:24||20.6663208007, 20.5702819824, 20.6663208007, 20.4742584228, 21.0625000000, 21.2500000000, 21.1250000000, 20.8125000000, 22.6232776641, -218.5252838134, Fault 0x, 22.0824260711
2026-07-23 17:07:26||20.6663208007, 20.5702819824, 20.6663208007, 20.5702819824, 21.0000000000, 21.2500000000, 21.1250000000, 20.8125000000, 22.6569423675, -218.6745605468, Fault 0x, 22.0824260711
2026-07-23 17:07:27||20.6663208007, 20.5702819824, 20.6663208007, 20.4742584228, 21.0000000000, 21.1875000000, 21.1250000000, 20.8125000000, 22.6232776641, -218.7342529296, Fault 0x, 22.0824260711
2026-07-23 17:07:29||20.6663208007, 20.5702819824, 20.6663208007, 20.4742584228, 21.0000000000, 21.1875000000, 21.1250000000, 20.8125000000, 22.6569423675, -218.9133453369, Fault 0x, 22.0824260711
2026-07-23 17:07:31||20.6663208007, 20.5702819824, 20.6663208007, 20.4742584228, 21.0000000000, 21.2500000000, 21.1250000000, 20.8125000000, 22.6232776641, -218.9431915283, Fault 0x, 22.0824260711
2026-07-23 17:07:33||20.6663208007, 20.5702819824, 20.6663208007, 20.5702819824, 21.0000000000, 21.2500000000, 21.1250000000, 20.8125000000, 22.6569423675, -219.1520843505, Fault 0x, 22.0824260711
2026-07-23 17:07:35||20.6663208007, 20.5702819824, 20.6663208007, 20.4742584228, 21.0625000000, 21.2500000000, 21.1250000000, 20.8125000000, 22.6232776641, -219.1520843505, Fault 0x, 22.0824260711
2026-07-23 17:07:36||20.6663208007, 20.5702819824, 20.6663208007, 20.4742584228, 21.0000000000, 21.1875000000, 21.1250000000, 20.8125000000, 22.6232776641, -219.2714080810, Fault 0x, 22.0824260711
2026-07-23 17:07:38||20.6663208007, 20.5702819824, 20.6663208007, 20.4742584228, 21.0000000000, 21.1875000000, 21.1250000000, 20.8125000000, 22.6232776641, -219.3012390136, Fault 0x, 22.0824260711
2026-07-23 17:07:40||20.6663208007, 20.5702819824, 20.6663208007, 20.4742584228, 21.0000000000, 21.1875000000, 21.0625000000, 20.8125000000, 22.6569423675, -219.3609161376, Fault 0x, 22.0485591888
2026-07-23 17:07:42||20.6663208007, 20.5702819824, 20.6663208007, 20.4742584228, 21.0000000000, 21.1875000000, 21.1250000000, 20.8125000000, 22.6232776641, -219.5100708007, Fault 0x, 22.0485591888
2026-07-23 17:07:43||20.6663208007, 20.5702819824, 20.6663208007, 20.4742584228, 21.0000000000, 21.2500000000, 21.0625000000, 20.8125000000, 22.6232776641, -219.5398864746, Fault 0x, 22.0824260711
2026-07-23 17:07:45||20.6663208007, 20.5702819824, 20.6663208007, 20.4742584228, 21.0000000000, 21.2500000000, 21.1875000000, 20.8125000000, 22.6232776641, -219.5995483398, Fault 0x, 22.0824260711
2026-07-23 17:07:47||20.6663208007, 20.5702819824, 20.6663208007, 20.4742584228, 21.0000000000, 21.1875000000, 21.1250000000, 20.7500000000, 22.6232776641, -219.6293487548, Fault 0x, 22.0824260711
2026-07-23 17:07:49||20.6663208007, 20.5702819824, 20.6663208007, 20.4742584228, 21.0625000000, 21.1875000000, 21.1250000000, 20.8125000000, 22.6232776641, -219.7188415527, Fault 0x, 22.0824260711
2026-07-23 17:07:50||20.6663208007, 20.5702819824, 20.6663208007, 20.4742584228, 21.0000000000, 21.1875000000, 21.1250000000, 20.7500000000, 22.6232776641, -219.7486724853, Fault 0x, 22.0824260711
2026-07-23 17:07:52||20.6663208007, 20.5702819824, 20.6663208007, 20.4742584228, 21.0000000000, 21.1875000000, 21.1250000000, 20.8125000000, 22.6232776641, -219.7486724853, Fault 0x, 22.0824260711
2026-07-23 17:07:54||20.6663208007, 20.5702819824, 20.6663208007, 20.4742584228, 21.0000000000, 21.1875000000, 21.1250000000, 20.8125000000, 22.6232776641, -219.8679351806, Fault 0x, 22.0485591888
2026-07-23 17:07:56||20.6663208007, 20.5702819824, 20.6663208007, 20.4742584228, 21.0000000000, 21.1875000000, 21.1250000000, 20.8125000000, 22.6232776641, -219.8381347656, Fault 0x, 22.0824260711
2026-07-23 17:07:58||20.6663208007, 20.4742584228, 20.6663208007, 20.4742584228, 21.0000000000, 21.2500000000, 21.0625000000, 20.8125000000, 22.5894107818, -219.9275665283, Fault 0x, 22.1160907745
2026-07-23 17:07:59||20.6663208007, 20.5702819824, 20.6663208007, 20.4742584228, 21.0000000000, 21.1875000000, 21.0625000000, 20.8125000000, 22.5894107818, -219.9872131347, Fault 0x, 22.0824260711
2026-07-23 17:08:01||20.6663208007, 20.5702819824, 20.6663208007, 20.4742584228, 21.0000000000, 21.1875000000, 21.0625000000, 20.8125000000, 22.6232776641, -219.9573822021, Fault 0x, 22.0824260711
2026-07-23 17:08:03||20.6663208007, 20.4742584228, 20.6663208007, 20.4742584228, 21.0000000000, 21.1875000000, 21.1250000000, 20.8125000000, 22.5894107818, -220.0468444824, Fault 0x, 22.0824260711
2026-07-23 17:08:05||20.6663208007, 20.4742584228, 20.6663208007, 20.4742584228, 21.0000000000, 21.1875000000, 21.1250000000, 20.8125000000, 22.6232776641, -220.0468444824, Fault 0x, 22.0824260711
2026-07-23 17:08:06||20.6663208007, 20.4742584228, 20.6663208007, 20.4742584228, 21.0000000000, 21.1875000000, 21.0625000000, 20.8125000000, 22.5894107818, -219.9573822021, Fault 0x, 22.0824260711
2026-07-23 17:08:08||20.6663208007, 20.5702819824, 20.6663208007, 20.4742584228, 21.0000000000, 21.1875000000, 21.1250000000, 20.8125000000, 22.5894107818, -220.0170135498, Fault 0x, 22.0485591888
2026-07-23 17:08:10||20.6663208007, 20.4742584228, 20.6663208007, 20.4742584228, 21.0000000000, 21.1875000000, 21.0625000000, 20.8125000000, 22.6232776641, -220.1064605712, Fault 0x, 22.0485591888
2026-07-23 17:08:12||20.6663208007, 20.4742584228, 20.6663208007, 20.4742584228, 21.0000000000, 21.1875000000, 21.1250000000, 20.8125000000, 22.5894107818, -220.1362762451, Fault 0x, 22.0485591888
2026-07-23 17:08:14||20.6663208007, 20.4742584228, 20.6663208007, 20.4742584228, 21.0000000000, 21.1875000000, 21.0625000000, 20.8125000000, 22.5894107818, -220.0170135498, Fault 0x, 22.0485591888
2026-07-23 17:08:15||20.6663208007, 20.4742584228, 20.6663208007, 20.4742584228, 21.0000000000, 21.2500000000, 21.0625000000, 20.7500000000, 22.6232776641, -220.1064605712, Fault 0x, 22.0485591888
2026-07-23 17:08:17||20.6663208007, 20.4742584228, 20.6663208007, 20.4742584228, 21.0000000000, 21.1875000000, 21.0625000000, 20.7500000000, 22.5894107818, -220.1958770751, Fault 0x, 22.0485591888
2026-07-23 17:08:19||20.6663208007, 20.4742584228, 20.6663208007, 20.4742584228, 21.0000000000, 21.1875000000, 21.0625000000, 20.8125000000, 22.5894107818, -220.2853088378, Fault 0x, 22.0485591888
2026-07-23 17:08:21||20.6663208007, 20.4742584228, 20.6663208007, 20.4742584228, 21.0000000000, 21.1875000000, 21.0625000000, 20.7500000000, 22.6232776641, -220.2256927490, Fault 0x, 22.0485591888
2026-07-23 17:08:22||20.6663208007, 20.4742584228, 20.6663208007, 20.4742584228, 20.9375000000, 21.1250000000, 21.1250000000, 20.8125000000, 22.5894107818, -220.3449249267, Fault 0x, 22.0485591888
2026-07-23 17:08:24||20.6663208007, 20.4742584228, 20.6663208007, 20.4742584228, 20.9375000000, 21.1875000000, 21.0625000000, 20.7500000000, 22.6232776641, -220.3449249267, Fault 0x, 22.0485591888
2026-07-23 17:08:26||20.6663208007, 20.4742584228, 20.6663208007, 20.4742584228, 20.9375000000, 21.1875000000, 21.0625000000, 20.8125000000, 22.5894107818, -220.3449249267, Fault 0x, 22.0485591888
2026-07-23 17:08:28||20.6663208007, 20.4742584228, 20.6663208007, 20.4742584228, 20.9375000000, 21.1250000000, 21.0625000000, 20.7500000000, 22.6232776641, -220.4045104980, Fault 0x, 22.0485591888
2026-07-23 17:08:30||20.6663208007, 20.4742584228, 20.6663208007, 20.4742584228, 21.0000000000, 21.1875000000, 21.0625000000, 20.7500000000, 22.5894107818, -220.2853088378, Fault 0x, 22.0485591888
2026-07-23 17:08:31||20.6663208007, 20.4742584228, 20.6663208007, 20.4742584228, 20.9375000000, 21.1875000000, 21.0625000000, 20.8125000000, 22.6232776641, -220.3151245117, Fault 0x, 22.0485591888
2026-07-23 17:08:33||20.6663208007, 20.4742584228, 20.6663208007, 20.4742584228, 20.9375000000, 21.1875000000, 21.0625000000, 20.7500000000, 22.5894107818, -220.4045104980, Fault 0x, 22.0146923065
2026-07-23 17:08:35||20.6663208007, 20.4742584228, 20.5702819824, 20.4742584228, 20.9375000000, 21.1250000000, 21.0625000000, 20.7500000000, 22.6232776641, -220.4343261718, Fault 0x, 22.0485591888
2026-07-23 17:08:37||20.6663208007, 20.4742584228, 20.6663208007, 20.4742584228, 20.9375000000, 21.1875000000, 21.0625000000, 20.7500000000, 22.6232776641, -220.5833282470, Fault 0x, 22.0485591888
2026-07-23 17:08:38||20.6663208007, 20.4742584228, 20.6663208007, 20.4742584228, 20.9375000000, 21.1875000000, 21.0625000000, 20.7500000000, 22.5894107818, -220.5237274169, Fault 0x, 22.0146923065
2026-07-23 17:08:40||20.6663208007, 20.4742584228, 20.6663208007, 20.4742584228, 20.9375000000, 21.1875000000, 21.0000000000, 20.7500000000, 22.6232776641, -220.5237274169, Fault 0x, 22.0485591888
2026-07-23 17:08:42||20.6663208007, 20.4742584228, 20.6663208007, 20.4742584228, 20.9375000000, 21.1875000000, 21.0625000000, 20.7500000000, 22.5894107818, -220.7322998046, Fault 0x, 22.0485591888
2026-07-23 17:08:44||20.6663208007, 20.4742584228, 20.5702819824, 20.4742584228, 20.9375000000, 21.1875000000, 21.0625000000, 20.7500000000, 22.6232776641, -220.6727142333, Fault 0x, 22.0485591888
2026-07-23 17:08:46||20.6663208007, 20.4742584228, 20.5702819824, 20.4742584228, 20.9375000000, 21.1875000000, 21.0625000000, 20.7500000000, 22.5894107818, -220.7919006347, Fault 0x, 22.0146923065
2026-07-23 17:08:47||20.5702819824, 20.4742584228, 20.5702819824, 20.4742584228, 20.9375000000, 21.1250000000, 21.0625000000, 20.7500000000, 22.5894107818, -220.8217010498, Fault 0x, 22.0485591888
2026-07-23 17:08:49||20.6663208007, 20.4742584228, 20.5702819824, 20.4742584228, 21.0000000000, 21.1875000000, 21.0625000000, 20.7500000000, 22.5894107818, -220.9408264160, Fault 0x, 22.0146923065
2026-07-23 17:08:51||20.5702819824, 20.4742584228, 20.5702819824, 20.4742584228, 20.9375000000, 21.1875000000, 21.1250000000, 20.7500000000, 22.5894107818, -220.9110412597, Fault 0x, 22.0146923065
2026-07-23 17:08:53||20.5702819824, 20.4742584228, 20.5702819824, 20.4742584228, 20.9375000000, 21.1250000000, 21.0000000000, 20.7500000000, 22.5894107818, -221.0301971435, Fault 0x, 22.0485591888
2026-07-23 17:08:54||20.5702819824, 20.4742584228, 20.5702819824, 20.4742584228, 20.9375000000, 21.1250000000, 21.0000000000, 20.7500000000, 22.6232776641, -221.0003967285, Fault 0x, 22.0485591888
2026-07-23 17:08:56||20.6663208007, 20.4742584228, 20.5702819824, 20.4742584228, 20.9375000000, 21.0625000000, 21.0625000000, 20.7500000000, 22.5894107818, -221.0301971435, Fault 0x, 22.0146923065
2026-07-23 17:08:58||20.5702819824, 20.4742584228, 20.5702819824, 20.4742584228, 20.8750000000, 21.1875000000, 21.0000000000, 20.7500000000, 22.5894107818, -221.1493377685, Fault 0x, 22.0146923065
2026-07-23 17:09:00||20.5702819824, 20.4742584228, 20.5702819824, 20.4742584228, 20.9375000000, 21.1250000000, 21.0625000000, 20.7500000000, 22.5894107818, -221.0003967285, Fault 0x, 22.0146923065
2026-07-23 17:09:02||20.5702819824, 20.4742584228, 20.6663208007, 20.3782501220, 20.9375000000, 21.1875000000, 21.0625000000, 20.7500000000, 22.6232776641, -221.0599822998, Fault 0x, 22.0146923065
2026-07-23 17:09:03||20.5702819824, 20.4742584228, 20.5702819824, 20.4742584228, 20.9375000000, 21.1250000000, 21.0625000000, 20.7500000000, 22.5894107818, -221.0599822998, Fault 0x, 22.0485591888
2026-07-23 17:09:05||20.5702819824, 20.4742584228, 20.6663208007, 20.4742584228, 20.9375000000, 21.1250000000, 21.0625000000, 20.7500000000, 22.5555458068, -221.1195526123, Fault 0x, 22.0146923065
2026-07-23 17:09:07||20.5702819824, 20.4742584228, 20.5702819824, 20.4742584228, 20.8750000000, 21.1250000000, 21.0625000000, 20.7500000000, 22.5894107818, -221.0599822998, Fault 0x, 22.0485591888
2026-07-23 17:09:09||20.5702819824, 20.4742584228, 20.5702819824, 20.4742584228, 20.9375000000, 21.0625000000, 21.0625000000, 20.7500000000, 22.5894107818, -221.0897674560, Fault 0x, 22.0146923065
2026-07-23 17:09:10||20.5702819824, 20.4742584228, 20.5702819824, 20.3782501220, 20.9375000000, 21.0625000000, 21.0000000000, 20.7500000000, 22.5894107818, -221.0599822998, Fault 0x, 22.0146923065
2026-07-23 17:09:12||20.5702819824, 20.4742584228, 20.5702819824, 20.4742584228, 20.9375000000, 21.1250000000, 21.0000000000, 20.6875000000, 22.5894107818, -221.1791229248, Fault 0x, 21.9810276031
2026-07-23 17:09:14||20.5702819824, 20.4742584228, 20.5702819824, 20.3782501220, 20.9375000000, 21.1250000000, 21.0625000000, 20.7500000000, 22.5894107818, -221.3280029296, Fault 0x, 22.0146923065
2026-07-23 17:09:16||20.5702819824, 20.4742584228, 20.5702819824, 20.3782501220, 21.0000000000, 21.1250000000, 21.0000000000, 20.7500000000, 22.5555458068, -221.2982330322, Fault 0x, 22.0146923065
2026-07-23 17:09:18||20.5702819824, 20.4742584228, 20.5702819824, 20.4742584228, 20.9375000000, 21.1250000000, 21.0625000000, 20.7500000000, 22.5894107818, -221.2088928222, Fault 0x, 22.0146923065
2026-07-23 17:09:19||20.5702819824, 20.4742584228, 20.5702819824, 20.3782501220, 20.8750000000, 21.1250000000, 21.0000000000, 20.7500000000, 22.5555458068, -221.2982330322, Fault 0x, 22.0146923065
2026-07-23 17:09:21||20.5702819824, 20.4742584228, 20.5702819824, 20.3782501220, 20.9375000000, 21.1250000000, 21.0000000000, 20.7500000000, 22.5555458068, -221.3280029296, Fault 0x, 22.0146923065
2026-07-23 17:09:23||20.5702819824, 20.4742584228, 20.5702819824, 20.3782501220, 20.9375000000, 21.1250000000, 21.0625000000, 20.7500000000, 22.5555458068, -221.2386627197, Fault 0x, 22.0146923065
2026-07-23 17:09:25||20.5702819824, 20.4742584228, 20.5702819824, 20.3782501220, 20.9375000000, 21.1250000000, 21.0000000000, 20.7500000000, 22.5555458068, -221.2684326171, Fault 0x, 22.0146923065
2026-07-23 17:09:26||20.5702819824, 20.4742584228, 20.5702819824, 20.3782501220, 20.9375000000, 21.0625000000, 21.0000000000, 20.7500000000, 22.5218811035, -221.3280029296, Fault 0x, 22.0146923065
2026-07-23 17:09:28||20.5702819824, 20.4742584228, 20.5702819824, 20.3782501220, 20.9375000000, 21.1250000000, 21.0000000000, 20.7500000000, 22.5555458068, -221.3280029296, Fault 0x, 22.0146923065
2026-07-23 17:09:30||20.5702819824, 20.4742584228, 20.5702819824, 20.3782501220, 20.9375000000, 21.1250000000, 21.0000000000, 20.7500000000, 22.5555458068, -221.2684326171, Fault 0x, 22.0146923065
2026-07-23 17:09:32||20.5702819824, 20.4742584228, 20.5702819824, 20.3782501220, 20.9375000000, 21.1250000000, 21.0000000000, 20.7500000000, 22.5555458068, -221.3280029296, Fault 0x, 21.9810276031
2026-07-23 17:09:34||20.5702819824, 20.4742584228, 20.5702819824, 20.3782501220, 20.9375000000, 21.1250000000, 21.0000000000, 20.6875000000, 22.5555458068, -221.3875427246, Fault 0x, 22.0146923065
2026-07-23 17:09:35||20.5702819824, 20.4742584228, 20.5702819824, 20.3782501220, 20.9375000000, 21.1250000000, 21.0000000000, 20.6875000000, 22.5555458068, -221.3280029296, Fault 0x, 22.0146923065
2026-07-23 17:09:37||20.5702819824, 20.4742584228, 20.5702819824, 20.3782501220, 20.9375000000, 21.1250000000, 21.0000000000, 20.6875000000, 22.5555458068, -221.2386627197, Fault 0x, 22.0146923065
2026-07-23 17:09:39||20.5702819824, 20.4742584228, 20.5702819824, 20.3782501220, 20.8750000000, 21.1250000000, 21.0000000000, 20.6875000000, 22.5555458068, -221.2088928222, Fault 0x, 21.9810276031
2026-07-23 17:09:41||20.5702819824, 20.4742584228, 20.5702819824, 20.3782501220, 20.8750000000, 21.1250000000, 21.0000000000, 20.7500000000, 22.5218811035, -221.2982330322, Fault 0x, 22.0146923065
2026-07-23 17:09:42||20.5702819824, 20.4742584228, 20.5702819824, 20.3782501220, 20.9375000000, 21.1250000000, 21.0000000000, 20.6875000000, 22.5555458068, -221.2386627197, Fault 0x, 22.0146923065
2026-07-23 17:09:44||20.5702819824, 20.4742584228, 20.5702819824, 20.3782501220, 20.8750000000, 21.1250000000, 21.0625000000, 20.7500000000, 22.5218811035, -221.2386627197, Fault 0x, 21.9810276031
2026-07-23 17:09:46||20.5702819824, 20.3782501220, 20.5702819824, 20.3782501220, 20.8750000000, 21.0625000000, 21.0000000000, 20.6875000000, 22.5555458068, -221.2088928222, Fault 0x, 21.9810276031
2026-07-23 17:09:48||20.5702819824, 20.4742584228, 20.5702819824, 20.3782501220, 20.8750000000, 21.1250000000, 21.0000000000, 20.7500000000, 22.5555458068, -221.1493377685, Fault 0x, 21.9471626281
2026-07-23 17:09:50||20.5702819824, 20.3782501220, 20.5702819824, 20.3782501220, 20.8750000000, 21.1250000000, 21.0000000000, 20.6875000000, 22.5218811035, -221.2386627197, Fault 0x, 21.9810276031
2026-07-23 17:09:51||20.5702819824, 20.3782501220, 20.5702819824, 20.3782501220, 20.8750000000, 21.1250000000, 21.0000000000, 20.6875000000, 22.5555458068, -221.2088928222, Fault 0x, 21.9810276031
2026-07-23 17:09:53||20.5702819824, 20.4742584228, 20.5702819824, 20.3782501220, 20.8750000000, 21.1250000000, 21.0000000000, 20.6875000000, 22.5555458068, -221.2088928222, Fault 0x, 21.9810276031
2026-07-23 17:09:55||20.5702819824, 20.4742584228, 20.5702819824, 20.3782501220, 20.8750000000, 21.1250000000, 21.0000000000, 20.6875000000, 22.5218811035, -221.2088928222, Fault 0x, 22.0146923065
2026-07-23 17:09:57||20.5702819824, 20.3782501220, 20.5702819824, 20.3782501220, 20.8750000000, 21.1250000000, 21.0000000000, 20.7500000000, 22.5218811035, -221.2386627197, Fault 0x, 22.0146923065
2026-07-23 17:09:58||20.5702819824, 20.3782501220, 20.5702819824, 20.3782501220, 20.8750000000, 21.1250000000, 21.0000000000, 20.6875000000, 22.4880142211, -221.1493377685, Fault 0x, 21.9810276031
2026-07-23 17:10:00||20.5702819824, 20.3782501220, 20.5702819824, 20.3782501220, 20.8750000000, 21.1250000000, 21.0000000000, 20.6875000000, 22.5218811035, -221.2386627197, Fault 0x, 21.9810276031
2026-07-23 17:10:02||20.5702819824, 20.3782501220, 20.5702819824, 20.3782501220, 20.8750000000, 21.1250000000, 21.0000000000, 20.6875000000, 22.5218811035, -221.2684326171, Fault 0x, 21.9810276031
2026-07-23 17:10:04||20.5702819824, 20.3782501220, 20.5702819824, 20.3782501220, 20.8750000000, 21.1250000000, 21.0000000000, 20.7500000000, 22.5218811035, -221.1791229248, Fault 0x, 22.0146923065
2026-07-23 17:10:05||20.5702819824, 20.3782501220, 20.5702819824, 20.3782501220, 20.8750000000, 21.1250000000, 21.0000000000, 20.6875000000, 22.5218811035, -221.2386627197, Fault 0x, 21.9810276031
2026-07-23 17:10:07||20.5702819824, 20.3782501220, 20.5702819824, 20.3782501220, 20.8750000000, 21.1250000000, 20.9375000000, 20.6875000000, 22.5218811035, -221.1791229248, Fault 0x, 21.9810276031
2026-07-23 17:10:09||20.5702819824, 20.3782501220, 20.5702819824, 20.3782501220, 20.8750000000, 21.0625000000, 21.0000000000, 20.6875000000, 22.5218811035, -221.2088928222, Fault 0x, 21.9810276031
2026-07-23 17:10:11||20.5702819824, 20.3782501220, 20.5702819824, 20.3782501220, 20.8750000000, 21.1250000000, 21.0000000000, 20.6875000000, 22.5218811035, -221.2982330322, Fault 0x, 21.9810276031
2026-07-23 17:10:13||20.5702819824, 20.3782501220, 20.5702819824, 20.3782501220, 20.8750000000, 21.1250000000, 21.0000000000, 20.6875000000, 22.5218811035, -221.1791229248, Fault 0x, 21.9810276031
2026-07-23 17:10:14||20.5702819824, 20.3782501220, 20.5702819824, 20.3782501220, 20.8750000000, 21.0625000000, 21.0000000000, 20.7500000000, 22.5218811035, -221.2386627197, Fault 0x, 21.9810276031
2026-07-23 17:10:16||20.5702819824, 20.3782501220, 20.5702819824, 20.3782501220, 20.8750000000, 21.0625000000, 20.9375000000, 20.6875000000, 22.5218811035, -221.1791229248, Fault 0x, 21.9810276031
2026-07-23 17:10:18||20.5702819824, 20.3782501220, 20.5702819824, 20.3782501220, 20.8750000000, 21.0625000000, 21.0000000000, 20.6875000000, 22.5218811035, -221.0599822998, Fault 0x, 21.9810276031
2026-07-23 17:10:20||20.5702819824, 20.3782501220, 20.5702819824, 20.3782501220, 20.8750000000, 21.0625000000, 20.9375000000, 20.6875000000, 22.5555458068, -220.9408264160, Fault 0x, 21.9810276031
2026-07-23 17:10:21||20.5702819824, 20.3782501220, 20.5702819824, 20.3782501220, 20.8750000000, 21.0625000000, 21.0000000000, 20.6875000000, 22.5218811035, -221.0301971435, Fault 0x, 21.9810276031
2026-07-23 17:10:23||20.5702819824, 20.3782501220, 20.5702819824, 20.3782501220, 20.8750000000, 21.1250000000, 20.9375000000, 20.6875000000, 22.5555458068, -220.9110412597, Fault 0x, 22.0146923065
2026-07-23 17:10:25||20.5702819824, 20.3782501220, 20.5702819824, 20.3782501220, 20.9375000000, 21.1250000000, 21.0000000000, 20.6875000000, 22.5555458068, -220.9110412597, Fault 0x, 21.9810276031
2026-07-23 17:10:27||20.5702819824, 20.3782501220, 20.5702819824, 20.3782501220, 20.8750000000, 21.1250000000, 21.0000000000, 20.6875000000, 22.5218811035, -220.8812408447, Fault 0x, 21.9810276031
2026-07-23 17:10:29||20.5702819824, 20.3782501220, 20.5702819824, 20.3782501220, 20.8750000000, 21.0625000000, 21.0000000000, 20.7500000000, 22.5555458068, -220.9110412597, Fault 0x, 22.0146923065
2026-07-23 17:10:30||20.5702819824, 20.3782501220, 20.5702819824, 20.3782501220, 20.8750000000, 21.1250000000, 21.0000000000, 20.6875000000, 22.5218811035, -220.8812408447, Fault 0x, 21.9810276031
2026-07-23 17:10:32||20.5702819824, 20.3782501220, 20.5702819824, 20.3782501220, 20.8750000000, 21.1250000000, 21.0000000000, 20.7500000000, 22.5218811035, -220.8217010498, Fault 0x, 21.9810276031
2026-07-23 17:10:34||20.5702819824, 20.3782501220, 20.5702819824, 20.3782501220, 20.9375000000, 21.0625000000, 21.0000000000, 20.6875000000, 22.5218811035, -220.7621154785, Fault 0x, 21.9810276031
2026-07-23 17:10:36||20.5702819824, 20.3782501220, 20.5702819824, 20.3782501220, 20.9375000000, 21.0625000000, 20.9375000000, 20.7500000000, 22.5555458068, -220.6429138183, Fault 0x, 22.0146923065
2026-07-23 17:10:37||20.5702819824, 20.3782501220, 20.5702819824, 20.3782501220, 20.8750000000, 21.0625000000, 21.0000000000, 20.6875000000, 22.5555458068, -220.7024993896, Fault 0x, 21.9810276031
2026-07-23 17:10:39||20.5702819824, 20.3782501220, 20.5702819824, 20.3782501220, 20.8750000000, 21.0625000000, 21.0000000000, 20.6875000000, 22.5555458068, -220.6429138183, Fault 0x, 21.9810276031
2026-07-23 17:10:41||20.5702819824, 20.3782501220, 20.5702819824, 20.3782501220, 20.9375000000, 21.0625000000, 20.9375000000, 20.6875000000, 22.5555458068, -220.5833282470, Fault 0x, 22.0146923065
2026-07-23 17:10:43||20.5702819824, 20.3782501220, 20.5702819824, 20.3782501220, 20.9375000000, 21.1250000000, 21.0000000000, 20.6875000000, 22.5555458068, -220.4939270019, Fault 0x, 21.9810276031
2026-07-23 17:10:45||20.5702819824, 20.3782501220, 20.5702819824, 20.3782501220, 20.8750000000, 21.0625000000, 21.0000000000, 20.6875000000, 22.5894107818, -220.3747406005, Fault 0x, 21.9810276031
2026-07-23 17:10:46||20.5702819824, 20.3782501220, 20.5702819824, 20.3782501220, 20.9375000000, 21.0625000000, 20.9375000000, 20.6875000000, 22.5555458068, -220.3449249267, Fault 0x, 21.9810276031
2026-07-23 17:10:48||20.5702819824, 20.3782501220, 20.5702819824, 20.3782501220, 20.8750000000, 21.0625000000, 21.0000000000, 20.6875000000, 22.5555458068, -220.2853088378, Fault 0x, 22.0146923065
2026-07-23 17:10:50||20.5702819824, 20.3782501220, 20.5702819824, 20.3782501220, 20.8750000000, 21.0625000000, 21.0000000000, 20.6875000000, 22.5555458068, -220.2256927490, Fault 0x, 22.0146923065
2026-07-23 17:10:52||20.5702819824, 20.3782501220, 20.5702819824, 20.3782501220, 20.9375000000, 21.0625000000, 21.0000000000, 20.6875000000, 22.5555458068, -220.1362762451, Fault 0x, 21.9810276031
2026-07-23 17:10:53||20.5702819824, 20.3782501220, 20.5702819824, 20.3782501220, 20.9375000000, 21.0625000000, 21.0000000000, 20.6875000000, 22.5894107818, -220.0766448974, Fault 0x, 21.9471626281
2026-07-23 17:10:55||20.5702819824, 20.3782501220, 20.5702819824, 20.3782501220, 20.8750000000, 21.0625000000, 21.0000000000, 20.6875000000, 22.5555458068, -219.9275665283, Fault 0x, 21.9810276031
2026-07-23 17:10:57||20.5702819824, 20.3782501220, 20.5702819824, 20.3782501220, 20.8750000000, 21.0625000000, 20.9375000000, 20.6875000000, 22.5555458068, -219.9275665283, Fault 0x, 21.9810276031
2026-07-23 17:10:59||20.5702819824, 20.3782501220, 20.5702819824, 20.3782501220, 20.8750000000, 21.0625000000, 21.0000000000, 20.6875000000, 22.5555458068, -219.8381347656, Fault 0x, 21.9471626281
2026-07-23 17:11:01||20.5702819824, 20.3782501220, 20.5702819824, 20.3782501220, 20.8750000000, 21.0625000000, 21.0000000000, 20.6875000000, 22.5555458068, -219.6890258789, Fault 0x, 21.9471626281
2026-07-23 17:11:02||20.5702819824, 20.3782501220, 20.4742584228, 20.3782501220, 20.8750000000, 21.0625000000, 20.9375000000, 20.6875000000, 22.5218811035, -219.6591949462, Fault 0x, 21.9810276031
2026-07-23 17:11:04||20.5702819824, 20.3782501220, 20.4742584228, 20.3782501220, 20.8750000000, 21.0625000000, 20.9375000000, 20.6875000000, 22.5218811035, -219.5398864746, Fault 0x, 21.9810276031
2026-07-23 17:11:06||20.5702819824, 20.3782501220, 20.4742584228, 20.3782501220, 20.8750000000, 21.1250000000, 20.9375000000, 20.6875000000, 22.5555458068, -219.4205780029, Fault 0x, 21.9810276031
2026-07-23 17:11:08||20.5702819824, 20.3782501220, 20.4742584228, 20.3782501220, 20.8750000000, 21.0625000000, 21.0000000000, 20.6875000000, 22.5555458068, -219.2117462158, Fault 0x, 21.9810276031
2026-07-23 17:11:09||20.5702819824, 20.3782501220, 20.4742584228, 20.3782501220, 20.8750000000, 21.0625000000, 21.0000000000, 20.6875000000, 22.5218811035, -219.1222381591, Fault 0x, 21.9810276031
2026-07-23 17:11:11||20.5702819824, 20.3782501220, 20.4742584228, 20.3782501220, 20.8750000000, 21.0625000000, 21.0000000000, 20.6875000000, 22.5218811035, -219.0327148437, Fault 0x, 21.9810276031
2026-07-23 17:11:13||20.5702819824, 20.3782501220, 20.4742584228, 20.3782501220, 20.8750000000, 21.0625000000, 21.0000000000, 20.6875000000, 22.5218811035, -219.0028686523, Fault 0x, 21.9810276031
2026-07-23 17:11:15||20.5702819824, 20.3782501220, 20.4742584228, 20.3782501220, 20.8750000000, 21.0625000000, 20.9375000000, 20.6875000000, 22.5218811035, -218.8536682128, Fault 0x, 21.9810276031
2026-07-23 17:11:17||20.5702819824, 20.3782501220, 20.4742584228, 20.3782501220, 20.8125000000, 21.0625000000, 20.9375000000, 20.6875000000, 22.5218811035, -218.7342529296, Fault 0x, 21.9810276031
2026-07-23 17:11:18||20.5702819824, 20.3782501220, 20.4742584228, 20.3782501220, 20.8750000000, 21.0625000000, 20.9375000000, 20.6875000000, 22.4880142211, -218.6447296142, Fault 0x, 21.9810276031
2026-07-23 17:11:20||20.5702819824, 20.3782501220, 20.4742584228, 20.3782501220, 20.8750000000, 21.0625000000, 21.0000000000, 20.6875000000, 22.5218811035, -218.4357299804, Fault 0x, 21.9810276031
2026-07-23 17:11:22||20.5702819824, 20.3782501220, 20.4742584228, 20.3782501220, 20.8750000000, 21.0625000000, 20.9375000000, 20.6875000000, 22.5218811035, -218.3461456298, Fault 0x, 21.9810276031
2026-07-23 17:11:24||20.5702819824, 20.3782501220, 20.4742584228, 20.3782501220, 20.8750000000, 21.0625000000, 20.9375000000, 20.6875000000, 22.5218811035, -218.3162994384, Fault 0x, 21.9810276031
2026-07-23 17:11:25||20.5702819824, 20.3782501220, 20.4742584228, 20.3782501220, 20.8750000000, 21.0625000000, 20.9375000000, 20.6875000000, 22.5218811035, -218.1370849609, Fault 0x, 21.9810276031
2026-07-23 17:11:27||20.5702819824, 20.3782501220, 20.4742584228, 20.3782501220, 20.8125000000, 21.0000000000, 20.9375000000, 20.6875000000, 22.5555458068, -217.9877624511, Fault 0x, 21.9810276031
2026-07-23 17:11:29||20.5702819824, 20.3782501220, 20.4742584228, 20.3782501220, 20.8750000000, 21.0625000000, 20.9375000000, 20.6875000000, 22.5555458068, -217.8981475830, Fault 0x, 21.9810276031
2026-07-23 17:11:31||20.5702819824, 20.3782501220, 20.4742584228, 20.3782501220, 20.8750000000, 21.0625000000, 21.0000000000, 20.6875000000, 22.5555458068, -217.7487792968, Fault 0x, 21.9471626281
2026-07-23 17:11:33||20.5702819824, 20.3782501220, 20.4742584228, 20.3782501220, 20.8125000000, 21.0625000000, 21.0000000000, 20.6250000000, 22.5555458068, -217.6591186523, Fault 0x, 21.9810276031
2026-07-23 17:11:34||20.5702819824, 20.3782501220, 20.4742584228, 20.3782501220, 20.8750000000, 21.0625000000, 20.9375000000, 20.6875000000, 22.5555458068, -217.5395965576, Fault 0x, 21.9471626281
2026-07-23 17:11:36||20.5702819824, 20.3782501220, 20.4742584228, 20.3782501220, 20.8750000000, 21.0625000000, 20.9375000000, 20.6875000000, 22.5555458068, -217.4499511718, Fault 0x, 21.9810276031
2026-07-23 17:11:38||20.5702819824, 20.3782501220, 20.4742584228, 20.3782501220, 20.8750000000, 21.1250000000, 20.9375000000, 20.6875000000, 22.5218811035, -217.3005065917, Fault 0x, 21.9810276031
2026-07-23 17:11:40||20.5702819824, 20.3782501220, 20.4742584228, 20.3782501220, 20.8750000000, 21.0625000000, 20.9375000000, 20.6875000000, 22.5555458068, -217.2108459472, Fault 0x, 22.0146923065
2026-07-23 17:11:41||20.5702819824, 20.3782501220, 20.4742584228, 20.3782501220, 20.8750000000, 21.1250000000, 20.9375000000, 20.6250000000, 22.5218811035, -217.0314788818, Fault 0x, 21.9810276031
2026-07-23 17:11:43||20.5702819824, 20.3782501220, 20.4742584228, 20.3782501220, 20.8750000000, 21.0625000000, 20.9375000000, 20.6875000000, 22.5218811035, -216.9118804931, Fault 0x, 21.9810276031
2026-07-23 17:11:45||20.5702819824, 20.3782501220, 20.4742584228, 20.3782501220, 20.8750000000, 21.0625000000, 20.9375000000, 20.6250000000, 22.5218811035, -216.8819885253, Fault 0x, 21.9810276031
2026-07-23 17:11:47||20.5702819824, 20.3782501220, 20.4742584228, 20.3782501220, 20.8750000000, 21.0625000000, 20.9375000000, 20.6875000000, 22.5218811035, -216.6726531982, Fault 0x, 21.9810276031
2026-07-23 17:11:49||20.5702819824, 20.3782501220, 20.4742584228, 20.3782501220, 20.8750000000, 21.0625000000, 21.0000000000, 20.6875000000, 22.5218811035, -216.4333648681, Fault 0x, 21.9810276031
2026-07-23 17:11:50||20.5702819824, 20.3782501220, 20.4742584228, 20.3782501220, 20.8750000000, 21.0625000000, 20.9375000000, 20.6250000000, 22.5218811035, -216.1641235351, Fault 0x, 21.9471626281
2026-07-23 17:11:52||20.5702819824, 20.3782501220, 20.4742584228, 20.3782501220, 20.8750000000, 21.0625000000, 20.9375000000, 20.6875000000, 22.5218811035, -215.9546508789, Fault 0x, 21.9810276031
2026-07-23 17:11:54||20.5702819824, 20.3782501220, 20.4742584228, 20.3782501220, 20.8750000000, 21.0625000000, 21.0000000000, 20.6250000000, 22.5218811035, -215.7451477050, Fault 0x, 21.9810276031
2026-07-23 17:11:56||20.4742584228, 20.3782501220, 20.4742584228, 20.3782501220, 20.8125000000, 21.0625000000, 20.9375000000, 20.6875000000, 22.5218811035, -215.5355834960, Fault 0x, 21.9810276031
2026-07-23 17:11:57||20.5702819824, 20.3782501220, 20.4742584228, 20.3782501220, 20.8125000000, 21.0625000000, 20.9375000000, 20.6250000000, 22.5218811035, -215.2960662841, Fault 0x, 21.9471626281
2026-07-23 17:11:59||20.5702819824, 20.3782501220, 20.4742584228, 20.3782501220, 20.8750000000, 21.0000000000, 20.9375000000, 20.6250000000, 22.5555458068, -214.9666290283, Fault 0x, 21.9810276031
2026-07-23 17:12:01||20.5702819824, 20.3782501220, 20.4742584228, 20.3782501220, 20.8750000000, 21.0625000000, 20.9375000000, 20.6875000000, 22.5555458068, -214.8168487548, Fault 0x, 21.9471626281
2026-07-23 17:12:03||20.5702819824, 20.3782501220, 20.4742584228, 20.3782501220, 20.8125000000, 21.0625000000, 20.9375000000, 20.6875000000, 22.5555458068, -214.6070861816, Fault 0x, 21.9471626281
2026-07-23 17:12:05||20.5702819824, 20.3782501220, 20.4742584228, 20.3782501220, 20.8750000000, 21.0625000000, 21.0000000000, 20.6875000000, 22.5555458068, -214.3074188232, Fault 0x, 21.9471626281
2026-07-23 17:12:06||20.5702819824, 20.3782501220, 20.4742584228, 20.3782501220, 20.8125000000, 21.0000000000, 20.9375000000, 20.6250000000, 22.5555458068, -213.9477081298, Fault 0x, 21.9471626281
2026-07-23 17:12:08||20.5702819824, 20.3782501220, 20.4742584228, 20.3782501220, 20.8125000000, 21.1250000000, 20.9375000000, 20.6250000000, 22.5555458068, -213.6178588867, Fault 0x, 21.9471626281
2026-07-23 17:12:10||20.5702819824, 20.3782501220, 20.4742584228, 20.3782501220, 20.8125000000, 21.0625000000, 20.9375000000, 20.6250000000, 22.5555458068, -213.1979064941, Fault 0x, 21.9471626281
2026-07-23 17:12:12||20.4742584228, 20.3782501220, 20.4742584228, 20.3782501220, 20.8750000000, 21.0625000000, 20.9375000000, 20.6875000000, 22.5555458068, -213.1079101562, Fault 0x, 21.9471626281
2026-07-23 17:12:13||20.4742584228, 20.3782501220, 20.4742584228, 20.3782501220, 20.8750000000, 21.0625000000, 20.9375000000, 20.6875000000, 22.5555458068, -212.7777709960, Fault 0x, 21.9471626281
2026-07-23 17:12:15||20.4742584228, 20.3782501220, 20.4742584228, 20.3782501220, 20.8750000000, 21.0625000000, 20.9375000000, 20.6250000000, 22.5218811035, -212.2073822021, Fault 0x, 21.9471626281
2026-07-23 17:12:17||20.4742584228, 20.3782501220, 20.4742584228, 20.3782501220, 20.8750000000, 21.0625000000, 20.9375000000, 20.6875000000, 22.5555458068, -211.4263305664, Fault 0x, 21.9132957458
2026-07-23 17:12:19||20.4742584228, 20.3782501220, 20.4742584228, 20.3782501220, 20.8125000000, 21.0625000000, 20.9375000000, 20.6250000000, 22.5218811035, -211.4864349365, Fault 0x, 21.9471626281
2026-07-23 17:12:20||20.5702819824, 20.3782501220, 20.4742584228, 20.3782501220, 20.8125000000, 21.0625000000, 20.9375000000, 20.6875000000, 22.5555458068, -210.8552246093, Fault 0x, 21.9471626281
2026-07-23 17:12:22||20.5702819824, 20.3782501220, 20.5702819824, 20.3782501220, 20.8125000000, 21.0625000000, 20.9375000000, 20.6875000000, 22.5555458068, -210.1033325195, Fault 0x, 21.9471626281
2026-07-23 17:12:24||20.5702819824, 20.3782501220, 20.4742584228, 20.3782501220, 20.8750000000, 21.0000000000, 20.9375000000, 20.6875000000, 22.5555458068, -210.2537231445, Fault 0x, 21.9810276031
2026-07-23 17:12:26||20.5702819824, 20.3782501220, 20.4742584228, 20.3782501220, 20.8750000000, 21.0625000000, 20.9375000000, 20.6250000000, 22.5555458068, -209.9829864501, Fault 0x, 21.9471626281
2026-07-23 17:12:28||20.5702819824, 20.3782501220, 20.5702819824, 20.3782501220, 20.8750000000, 21.0625000000, 20.9375000000, 20.6875000000, 22.5555458068, -209.8626098632, Fault 0x, 21.9471626281
2026-07-23 17:12:29||20.5702819824, 20.3782501220, 20.4742584228, 20.3782501220, 20.8125000000, 21.0625000000, 20.9375000000, 20.6875000000, 22.5555458068, -209.4412536621, Fault 0x, 21.9471626281
2026-07-23 17:12:31||20.5702819824, 20.3782501220, 20.5702819824, 20.3782501220, 20.8750000000, 21.0625000000, 20.9375000000, 20.6875000000, 22.5555458068, -209.2606048583, Fault 0x, 21.9810276031
2026-07-23 17:12:33||20.5702819824, 20.3782501220, 20.5702819824, 20.3782501220, 20.8125000000, 21.0625000000, 20.9375000000, 20.6250000000, 22.5555458068, -209.1401519775, Fault 0x, 21.9810276031
2026-07-23 17:12:35||20.5702819824, 20.3782501220, 20.4742584228, 20.3782501220, 20.8125000000, 21.0625000000, 21.0000000000, 20.6875000000, 22.5218811035, -209.0196838378, Fault 0x, 21.9471626281
2026-07-23 17:12:36||20.5702819824, 20.3782501220, 20.5702819824, 20.3782501220, 20.8750000000, 21.0625000000, 20.9375000000, 20.6875000000, 22.5555458068, -209.1100311279, Fault 0x, 21.9810276031
2026-07-23 17:12:38||20.5702819824, 20.3782501220, 20.5702819824, 20.3782501220, 20.8750000000, 21.0625000000, 20.9375000000, 20.6250000000, 22.5555458068, -208.8088684082, Fault 0x, 21.9471626281
2026-07-23 17:12:40||20.5702819824, 20.3782501220, 20.5702819824, 20.3782501220, 20.8125000000, 21.0625000000, 20.9375000000, 20.6875000000, 22.5218811035, -208.4473724365, Fault 0x, 21.9471626281
2026-07-23 17:12:42||20.5702819824, 20.3782501220, 20.5702819824, 20.3782501220, 20.8125000000, 21.0625000000, 20.9375000000, 20.6875000000, 22.5218811035, -208.1460113525, Fault 0x, 21.9810276031
2026-07-23 17:12:44||20.5702819824, 20.3782501220, 20.4742584228, 20.3782501220, 20.8125000000, 21.0625000000, 21.0000000000, 20.6875000000, 22.5555458068, -207.8747253417, Fault 0x, 21.9810276031
2026-07-23 17:12:45||20.5702819824, 20.3782501220, 20.5702819824, 20.3782501220, 20.8750000000, 21.0625000000, 21.0000000000, 20.6875000000, 22.5555458068, -207.6033935546, Fault 0x, 22.0146923065
2026-07-23 17:12:47||20.5702819824, 20.3782501220, 20.5702819824, 20.3782501220, 20.8750000000, 21.0625000000, 21.0000000000, 20.6875000000, 22.5555458068, -207.0604858398, Fault 0x, 21.9810276031
2026-07-23 17:12:49||20.5702819824, 20.3782501220, 20.5702819824, 20.3782501220, 20.8750000000, 21.0625000000, 21.0000000000, 20.6875000000, 22.5555458068, -206.7587890625, Fault 0x, 21.9810276031
2026-07-23 17:12:51||20.5702819824, 20.4742584228, 20.5702819824, 20.3782501220, 20.8750000000, 21.0000000000, 20.9375000000, 20.6875000000, 22.5555458068, -206.3966369628, Fault 0x, 22.0146923065
2026-07-23 17:12:52||20.5702819824, 20.3782501220, 20.5702819824, 20.3782501220, 20.8750000000, 21.0625000000, 21.0000000000, 20.6875000000, 22.5555458068, -205.6719512939, Fault 0x, 22.0146923065
2026-07-23 17:12:54||20.5702819824, 20.3782501220, 20.5702819824, 20.3782501220, 20.8750000000, 21.0000000000, 21.0000000000, 20.6875000000, 22.5555458068, -205.1583709716, Fault 0x, 21.9810276031
2026-07-23 17:12:56||20.5702819824, 20.4742584228, 20.5702819824, 20.3782501220, 20.8750000000, 21.0625000000, 21.0000000000, 20.6875000000, 22.5555458068, -205.0676879882, Fault 0x, 21.9810276031
2026-07-23 17:12:58||20.5702819824, 20.3782501220, 20.5702819824, 20.3782501220, 20.8750000000, 21.0625000000, 20.9375000000, 20.6875000000, 22.5555458068, -204.3119354248, Fault 0x, 21.9810276031
2026-07-23 17:13:00||20.5702819824, 20.3782501220, 20.4742584228, 20.3782501220, 20.8750000000, 21.0625000000, 20.9375000000, 20.6875000000, 22.5555458068, -203.3135528564, Fault 0x, 22.0146923065
2026-07-23 17:13:01||20.5702819824, 20.3782501220, 20.4742584228, 20.3782501220, 20.8750000000, 21.0625000000, 20.9375000000, 20.6250000000, 22.5555458068, -202.6172485351, Fault 0x, 21.9810276031
2026-07-23 17:13:03||20.5702819824, 20.3782501220, 20.4742584228, 20.3782501220, 20.8750000000, 21.0625000000, 21.0000000000, 20.6875000000, 22.5555458068, -202.1931762695, Fault 0x, 22.0146923065
2026-07-23 17:13:05||20.5702819824, 20.3782501220, 20.4742584228, 20.3782501220, 20.8750000000, 21.0625000000, 20.9375000000, 20.6875000000, 22.5555458068, -201.2839660644, Fault 0x, 22.0146923065
2026-07-23 17:13:07||20.5702819824, 20.3782501220, 20.4742584228, 20.3782501220, 20.8750000000, 21.0625000000, 20.9375000000, 20.6250000000, 22.5555458068, -199.7366790771, Fault 0x, 21.9810276031
2026-07-23 17:13:08||20.5702819824, 20.3782501220, 20.4742584228, 20.3782501220, 20.9375000000, 21.0625000000, 20.9375000000, 20.6250000000, 22.5555458068, -198.3697052001, Fault 0x, 21.9810276031
2026-07-23 17:13:10||20.5702819824, 20.4742584228, 20.4742584228, 20.3782501220, 20.8750000000, 21.0625000000, 20.9375000000, 20.6250000000, 22.5555458068, -197.0620422363, Fault 0x, 21.9810276031
2026-07-23 17:13:12||20.5702819824, 20.3782501220, 20.4742584228, 20.3782501220, 20.8750000000, 21.0625000000, 20.9375000000, 20.6875000000, 22.5555458068, -195.5701599121, Fault 0x, 21.9471626281
2026-07-23 17:13:14||20.5702819824, 20.3782501220, 20.4742584228, 20.3782501220, 20.8750000000, 21.0625000000, 20.9375000000, 20.6250000000, 22.5555458068, -193.1609954833, Fault 0x, 21.9471626281
2026-07-23 17:13:16||20.5702819824, 20.3782501220, 20.4742584228, 20.3782501220, 20.8750000000, 21.0000000000, 20.9375000000, 20.6250000000, 22.5555458068, -189.7067565917, Fault 0x, 21.9810276031
2026-07-23 17:13:17||20.5702819824, 20.3782501220, 20.4742584228, 20.3782501220, 20.8750000000, 21.0000000000, 20.9375000000, 20.6250000000, 22.5894107818, -183.6311035156, Fault 0x, 21.9810276031
2026-07-23 17:13:19||20.5702819824, 20.3782501220, 20.4742584228, 20.3782501220, 20.8750000000, 21.0625000000, 20.9375000000, 20.6250000000, 22.5894107818, -42.9444198608, Fault 0x, 21.9471626281
